HMMER3/f [3.1b2 | February 2015]
NAME  align
LENG  189
ALPH  amino
RF    yes
MM    no
CONS  yes
CS    no
MAP   yes
DATE  Wed Apr 26 07:07:01 2017
NSEQ  5
EFFN  0.454102
CKSUM 68646405
STATS LOCAL MSV      -10.2210  0.70613
STATS LOCAL VITERBI  -11.2647  0.70613
STATS LOCAL FORWARD   -5.1866  0.70613
HMM          A        C        D        E        F        G        H        I        K        L        M        N        P        Q        R        S        T        V        W        Y   
            m->m     m->i     m->d     i->m     i->i     d->m     d->d
  COMPO   2.56230  4.02989  2.79646  2.65257  3.37254  2.80359  3.81761  2.80417  2.71048  2.50872  3.68955  3.14243  3.53729  3.07023  2.83355  2.67562  2.84295  2.54290  5.08369  3.38512
          2.68618  4.42225  2.77519  2.73123  3.46354  2.40513  3.72494  3.29354  2.67741  2.69355  4.24690  2.90347  2.73739  3.18146  2.89801  2.37887  2.77519  2.98518  4.58477  3.61503
          0.09585  3.83682  2.66162  0.61958  0.77255  0.00000        *
      1   2.89669  4.46212  3.94650  3.53517  3.17158  3.76152  4.29290  2.33778  3.30752  1.78346  1.57753  3.82385  4.22390  3.69729  3.52372  3.23449  3.20131  2.33194  4.99792  3.74958      1 m . - -
          2.68618  4.42225  2.77519  2.73123  3.46354  2.40513  3.72494  3.29354  2.67741  2.69355  4.24690  2.90347  2.73739  3.18146  2.89801  2.37887  2.77519  2.98518  4.58477  3.61503
          0.03465  3.77562  4.49797  0.61958  0.77255  0.53675  0.87862
      2   2.36594  4.20975  3.34700  3.09811  3.88792  3.05127  4.12217  3.00348  3.03911  2.87022  3.92963  3.32109  3.74850  3.43964  3.30066  2.56646  1.34777  2.70892  5.33455  4.10545      2 t . - -
          2.68618  4.42225  2.77519  2.73123  3.46354  2.40513  3.72494  3.29354  2.67741  2.69355  4.24690  2.90347  2.73739  3.18146  2.89801  2.37887  2.77519  2.98518  4.58477  3.61503
          0.03465  3.77562  4.49797  0.61958  0.77255  0.53675  0.87862
      3   2.87427  4.95705  2.45637  1.17211  4.29204  3.21527  3.79776  3.72671  2.66638  3.36101  4.34257  2.88705  3.81622  3.01759  3.06261  2.86869  3.17888  3.42184  5.48228  4.20799      3 e . - -
          2.68618  4.42225  2.77519  2.73123  3.46354  2.40513  3.72494  3.29354  2.67741  2.69355  4.24690  2.90347  2.73739  3.18146  2.89801  2.37887  2.77519  2.98518  4.58477  3.61503
          0.03465  3.77562  4.49797  0.61958  0.77255  0.53675  0.87862
      4   3.11266  4.64090  3.69730  3.41120  2.30719  3.71883  3.58216  3.13584  3.27148  2.61417  3.82192  3.60799  4.19636  3.60091  3.47397  3.25810  3.39970  3.00223  3.94630  1.14371      4 y . - -
          2.68618  4.42225  2.77519  2.73123  3.46354  2.40513  3.72494  3.29354  2.67741  2.69355  4.24690  2.90347  2.73739  3.18146  2.89801  2.37887  2.77519  2.98518  4.58477  3.61503
          0.03465  3.77562  4.49797  0.61958  0.77255  0.53675  0.87862
      5   2.88735  4.84122  3.05665  2.70024  4.20536  3.38411  3.71312  3.62923  1.17978  3.21716  4.18675  3.12795  3.89375  2.91231  2.42431  2.93744  3.14944  3.34350  5.30233  4.10214      5 k x - -
          2.68618  4.42225  2.77519  2.73123  3.46354  2.40513  3.72494  3.29354  2.67741  2.69355  4.24690  2.90347  2.73739  3.18146  2.89801  2.37887  2.77519  2.98518  4.58477  3.61503
          0.03465  3.77562  4.49797  0.61958  0.77255  0.53675  0.87862
      6   3.04904  4.54176  4.03210  3.67468  3.10386  3.85590  4.36087  2.30659  3.44324  1.00481  3.16286  3.95912  4.31011  3.83496  3.63391  3.41990  3.34897  2.31813  4.94484  3.64483      6 l x - -
          2.68618  4.42225  2.77519  2.73123  3.46354  2.40513  3.72494  3.29354  2.67741  2.69355  4.24690  2.90347  2.73739  3.18146  2.89801  2.37887  2.77519  2.98518  4.58477  3.61503
          0.03465  3.77562  4.49797  0.61958  0.77255  0.53675  0.87862
      7   2.73213  4.30467  3.98832  3.65149  3.48245  3.62013  4.47089  2.06617  3.51760  2.18874  3.46562  3.85593  4.18820  3.88579  3.73882  3.11998  3.09745  1.15738  5.24939  3.97355      7 v x - -
          2.68618  4.42225  2.77519  2.73123  3.46354  2.40513  3.72494  3.29354  2.67741  2.69355  4.24690  2.90347  2.73739  3.18146  2.89801  2.37887  2.77519  2.98518  4.58477  3.61503
          0.03465  3.77562  4.49797  0.61958  0.77255  0.53675  0.87862
      8   2.73213  4.30467  3.98832  3.65149  3.48245  3.62013  4.47089  2.06617  3.51760  2.18874  3.46562  3.85593  4.18820  3.88579  3.73882  3.11998  3.09745  1.15738  5.24939  3.97355      8 v x - -
          2.68618  4.42225  2.77519  2.73123  3.46354  2.40513  3.72494  3.29354  2.67741  2.69355  4.24690  2.90347  2.73739  3.18146  2.89801  2.37887  2.77519  2.98518  4.58477  3.61503
          0.03465  3.77562  4.49797  0.61958  0.77255  0.53675  0.87862
      9   2.73213  4.30467  3.98832  3.65149  3.48245  3.62013  4.47089  2.06617  3.51760  2.18874  3.46562  3.85593  4.18820  3.88579  3.73882  3.11998  3.09745  1.15738  5.24939  3.97355      9 v x - -
          2.68618  4.42225  2.77519  2.73123  3.46354  2.40513  3.72494  3.29354  2.67741  2.69355  4.24690  2.90347  2.73739  3.18146  2.89801  2.37887  2.77519  2.98518  4.58477  3.61503
          0.03465  3.77562  4.49797  0.61958  0.77255  0.53675  0.87862
     10   2.55287  4.33445  3.20640  3.09526  4.23285  0.89567  4.21873  3.81136  3.26292  3.47722  4.45456  3.37147  3.72247  3.59533  3.50693  2.72256  3.02671  3.35875  5.35088  4.33249     10 g x - -
          2.68618  4.42225  2.77519  2.73123  3.46354  2.40513  3.72494  3.29354  2.67741  2.69355  4.24690  2.90347  2.73739  3.18146  2.89801  2.37887  2.77519  2.98518  4.58477  3.61503
          0.03465  3.77562  4.49797  0.61958  0.77255  0.53675  0.87862
     11   1.16327  4.14897  3.36803  3.15822  3.95923  2.97535  4.19119  3.07075  3.17201  2.95631  4.00162  3.33115  3.70571  3.52293  3.42739  2.50150  2.77228  2.74226  5.39632  4.18634     11 a x - -
          2.68618  4.42225  2.77519  2.73123  3.46354  2.40513  3.72494  3.29354  2.67741  2.69355  4.24690  2.90347  2.73739  3.18146  2.89801  2.37887  2.77519  2.98518  4.58477  3.61503
          0.03465  3.77562  4.49797  0.61958  0.77255  0.53675  0.87862
     12   2.55287  4.33445  3.20640  3.09526  4.23285  0.89567  4.21873  3.81136  3.26292  3.47722  4.45456  3.37147  3.72247  3.59533  3.50693  2.72256  3.02671  3.35875  5.35088  4.33249     12 g x - -
          2.68618  4.42225  2.77519  2.73123  3.46354  2.40513  3.72494  3.29354  2.67741  2.69355  4.24690  2.90347  2.73739  3.18146  2.89801  2.37887  2.77519  2.98518  4.58477  3.61503
          0.03465  3.77562  4.49797  0.61958  0.77255  0.53675  0.87862
     13   2.55287  4.33445  3.20640  3.09526  4.23285  0.89567  4.21873  3.81136  3.26292  3.47722  4.45456  3.37147  3.72247  3.59533  3.50693  2.72256  3.02671  3.35875  5.35088  4.33249     13 g x - -
          2.68618  4.42225  2.77519  2.73123  3.46354  2.40513  3.72494  3.29354  2.67741  2.69355  4.24690  2.90347  2.73739  3.18146  2.89801  2.37887  2.77519  2.98518  4.58477  3.61503
          0.03465  3.77562  4.49797  0.61958  0.77255  0.53675  0.87862
     14   2.73213  4.30467  3.98832  3.65149  3.48245  3.62013  4.47089  2.06617  3.51760  2.18874  3.46562  3.85593  4.18820  3.88579  3.73882  3.11998  3.09745  1.15738  5.24939  3.97355     14 v x - -
          2.68618  4.42225  2.77519  2.73123  3.46354  2.40513  3.72494  3.29354  2.67741  2.69355  4.24690  2.90347  2.73739  3.18146  2.89801  2.37887  2.77519  2.98518  4.58477  3.61503
          0.03465  3.77562  4.49797  0.61958  0.77255  0.53675  0.87862
     15   2.55287  4.33445  3.20640  3.09526  4.23285  0.89567  4.21873  3.81136  3.26292  3.47722  4.45456  3.37147  3.72247  3.59533  3.50693  2.72256  3.02671  3.35875  5.35088  4.33249     15 g x - -
          2.68618  4.42225  2.77519  2.73123  3.46354  2.40513  3.72494  3.29354  2.67741  2.69355  4.24690  2.90347  2.73739  3.18146  2.89801  2.37887  2.77519  2.98518  4.58477  3.61503
          0.03465  3.77562  4.49797  0.61958  0.77255  0.53675  0.87862
     16   2.88735  4.84122  3.05665  2.70024  4.20536  3.38411  3.71312  3.62923  1.17978  3.21716  4.18675  3.12795  3.89375  2.91231  2.42431  2.93744  3.14944  3.34350  5.30233  4.10214     16 k x - -
          2.68618  4.42225  2.77519  2.73123  3.46354  2.40513  3.72494  3.29354  2.67741  2.69355  4.24690  2.90347  2.73739  3.18146  2.89801  2.37887  2.77519  2.98518  4.58477  3.61503
          0.03465  3.77562  4.49797  0.61958  0.77255  0.53675  0.87862
     17   2.27249  4.18995  3.12698  2.94122  3.98092  2.92184  4.05233  3.49175  3.00822  3.22069  4.15717  3.17975  3.65327  3.36595  3.29524  1.24731  2.74590  3.04834  5.36194  4.06460     17 s x - -
          2.68618  4.42225  2.77519  2.73123  3.46354  2.40513  3.72494  3.29354  2.67741  2.69355  4.24690  2.90347  2.73739  3.18146  2.89801  2.37887  2.77519  2.98518  4.58477  3.61503
          0.03465  3.77562  4.49797  0.61958  0.77255  0.53675  0.87862
     18   1.16327  4.14897  3.36803  3.15822  3.95923  2.97535  4.19119  3.07075  3.17201  2.95631  4.00162  3.33115  3.70571  3.52293  3.42739  2.50150  2.77228  2.74226  5.39632  4.18634     18 a x - -
          2.68618  4.42225  2.77519  2.73123  3.46354  2.40513  3.72494  3.29354  2.67741  2.69355  4.24690  2.90347  2.73739  3.18146  2.89801  2.37887  2.77519  2.98518  4.58477  3.61503
          0.03465  3.77562  4.49797  0.61958  0.77255  0.53675  0.87862
     19   3.04904  4.54176  4.03210  3.67468  3.10386  3.85590  4.36087  2.30659  3.44324  1.00481  3.16286  3.95912  4.31011  3.83496  3.63391  3.41990  3.34897  2.31813  4.94484  3.64483     19 l x - -
          2.68618  4.42225  2.77519  2.73123  3.46354  2.40513  3.72494  3.29354  2.67741  2.69355  4.24690  2.90347  2.73739  3.18146  2.89801  2.37887  2.77519  2.98518  4.58477  3.61503
          0.03465  3.77562  4.49797  0.61958  0.77255  0.53675  0.87862
     20   2.36594  4.20975  3.34700  3.09811  3.88792  3.05127  4.12217  3.00348  3.03911  2.87022  3.92963  3.32109  3.74850  3.43964  3.30066  2.56646  1.34777  2.70892  5.33455  4.10545     20 t x - -
          2.68618  4.42225  2.77519  2.73123  3.46354  2.40513  3.72494  3.29354  2.67741  2.69355  4.24690  2.90347  2.73739  3.18146  2.89801  2.37887  2.77519  2.98518  4.58477  3.61503
          0.03465  3.77562  4.49797  0.61958  0.77255  0.53675  0.87862
     21   2.95567  4.40539  4.19159  3.80624  3.31204  3.95638  4.55432  1.20707  3.63218  1.92175  3.26634  4.06524  4.39971  3.99238  3.84000  3.44485  3.25782  1.85281  5.18051  3.90824     21 i x - -
          2.68618  4.42225  2.77519  2.73123  3.46354  2.40513  3.72494  3.29354  2.67741  2.69355  4.24690  2.90347  2.73739  3.18146  2.89801  2.37887  2.77519  2.98518  4.58477  3.61503
          0.03465  3.77562  4.49797  0.61958  0.77255  0.53675  0.87862
     22   2.80966  4.78668  2.84520  2.60179  3.94132  3.30500  3.75807  3.56015  2.43028  3.07190  4.10584  3.05938  3.85921  1.41748  2.71501  2.86309  3.10830  3.29691  5.23239  3.92059     22 q x - -
          2.68618  4.42225  2.77519  2.73123  3.46354  2.40513  3.72494  3.29354  2.67741  2.69355  4.24690  2.90347  2.73739  3.18146  2.89801  2.37887  2.77519  2.98518  4.58477  3.61503
          0.03465  3.77562  4.49797  0.61958  0.77255  0.53675  0.87862
     23   3.04904  4.54176  4.03210  3.67468  3.10386  3.85590  4.36087  2.30659  3.44324  1.00481  3.16286  3.95912  4.31011  3.83496  3.63391  3.41990  3.34897  2.31813  4.94484  3.64483     23 l x - -
          2.68618  4.42225  2.77519  2.73123  3.46354  2.40513  3.72494  3.29354  2.67741  2.69355  4.24690  2.90347  2.73739  3.18146  2.89801  2.37887  2.77519  2.98518  4.58477  3.61503
          0.03465  3.77562  4.49797  0.61958  0.77255  0.53675  0.87862
     24   2.95567  4.40539  4.19159  3.80624  3.31204  3.95638  4.55432  1.20707  3.63218  1.92175  3.26634  4.06524  4.39971  3.99238  3.84000  3.44485  3.25782  1.85281  5.18051  3.90824     24 i x - -
          2.68618  4.42225  2.77519  2.73123  3.46354  2.40513  3.72494  3.29354  2.67741  2.69355  4.24690  2.90347  2.73739  3.18146  2.89801  2.37887  2.77519  2.98518  4.58477  3.61503
          0.03465  3.77562  4.49797  0.61958  0.77255  0.53675  0.87862
     25   2.80966  4.78668  2.84520  2.60179  3.94132  3.30500  3.75807  3.56015  2.43028  3.07190  4.10584  3.05938  3.85921  1.41748  2.71501  2.86309  3.10830  3.29691  5.23239  3.92059     25 q x - -
          2.68618  4.42225  2.77519  2.73123  3.46354  2.40513  3.72494  3.29354  2.67741  2.69355  4.24690  2.90347  2.73739  3.18146  2.89801  2.37887  2.77519  2.98518  4.58477  3.61503
          0.03465  3.77562  4.49797  0.61958  0.77255  0.53675  0.87862
     26   2.64767  4.63605  2.66399  2.54120  3.98475  3.12241  3.85100  3.67703  2.74814  3.33599  4.29414  1.34224  3.77095  3.12610  3.09731  2.72020  3.02788  3.30912  5.30236  3.94197     26 n x - -
          2.68618  4.42225  2.77519  2.73123  3.46354  2.40513  3.72494  3.29354  2.67741  2.69355  4.24690  2.90347  2.73739  3.18146  2.89801  2.37887  2.77519  2.98518  4.58477  3.61503
          0.03465  3.77562  4.49797  0.61958  0.77255  0.53675  0.87862
     27   2.89792  4.72781  3.03959  2.79266  3.22311  3.37098  1.36465  3.58536  2.63872  3.09048  4.12818  3.20477  3.91975  3.15848  2.90882  2.97034  3.19920  3.32264  4.68905  3.17733     27 h x - -
          2.68618  4.42225  2.77519  2.73123  3.46354  2.40513  3.72494  3.29354  2.67741  2.69355  4.24690  2.90347  2.73739  3.18146  2.89801  2.37887  2.77519  2.98518  4.58477  3.61503
          0.03465  3.77562  4.49797  0.61958  0.77255  0.53675  0.87862
     28   3.13910  4.57066  4.10449  3.80313  1.18503  3.84648  3.84170  2.67769  3.71315  2.07180  3.42432  3.91150  4.30941  3.90882  3.85679  3.41240  3.44131  2.66069  4.12450  2.50571     28 f x - -
          2.68618  4.42225  2.77519  2.73123  3.46354  2.40513  3.72494  3.29354  2.67741  2.69355  4.24690  2.90347  2.73739  3.18146  2.89801  2.37887  2.77519  2.98518  4.58477  3.61503
          0.03465  3.77562  4.49797  0.61958  0.77255  0.53675  0.87862
     29   2.73213  4.30467  3.98832  3.65149  3.48245  3.62013  4.47089  2.06617  3.51760  2.18874  3.46562  3.85593  4.18820  3.88579  3.73882  3.11998  3.09745  1.15738  5.24939  3.97355     29 v x - -
          2.68618  4.42225  2.77519  2.73123  3.46354  2.40513  3.72494  3.29354  2.67741  2.69355  4.24690  2.90347  2.73739  3.18146  2.89801  2.37887  2.77519  2.98518  4.58477  3.61503
          0.03465  3.77562  4.49797  0.61958  0.77255  0.53675  0.87862
     30   2.89008  4.99472  1.06782  2.28521  4.36001  3.14130  3.85336  3.92715  2.92044  3.55433  4.53328  2.83537  3.78767  3.09460  3.42089  2.86565  3.22771  3.57777  5.54730  4.25282     30 d x - -
          2.68618  4.42225  2.77519  2.73123  3.46354  2.40513  3.72494  3.29354  2.67741  2.69355  4.24690  2.90347  2.73739  3.18146  2.89801  2.37887  2.77519  2.98518  4.58477  3.61503
          0.03465  3.77562  4.49797  0.61958  0.77255  0.53675  0.87862
     31   2.87427  4.95705  2.45637  1.17211  4.29204  3.21527  3.79776  3.72671  2.66638  3.36101  4.34257  2.88705  3.81622  3.01759  3.06261  2.86869  3.17888  3.42184  5.48228  4.20799     31 e x - -
          2.68618  4.42225  2.77519  2.73123  3.46354  2.40513  3.72494  3.29354  2.67741  2.69355  4.24690  2.90347  2.73739  3.18146  2.89801  2.37887  2.77519  2.98518  4.58477  3.61503
          0.03465  3.77562  4.49797  0.61958  0.77255  0.53675  0.87862
     32   3.11266  4.64090  3.69730  3.41120  2.30719  3.71883  3.58216  3.13584  3.27148  2.61417  3.82192  3.60799  4.19636  3.60091  3.47397  3.25810  3.39970  3.00223  3.94630  1.14371     32 y x - -
          2.68618  4.42225  2.77519  2.73123  3.46354  2.40513  3.72494  3.29354  2.67741  2.69355  4.24690  2.90347  2.73739  3.18146  2.89801  2.37887  2.77519  2.98518  4.58477  3.61503
          0.03465  3.77562  4.49797  0.61958  0.77255  0.53675  0.87862
     33   2.89008  4.99472  1.06782  2.28521  4.36001  3.14130  3.85336  3.92715  2.92044  3.55433  4.53328  2.83537  3.78767  3.09460  3.42089  2.86565  3.22771  3.57777  5.54730  4.25282     33 d x - -
          2.68618  4.42225  2.77519  2.73123  3.46354  2.40513  3.72494  3.29354  2.67741  2.69355  4.24690  2.90347  2.73739  3.18146  2.89801  2.37887  2.77519  2.98518  4.58477  3.61503
          0.03465  3.77562  4.49797  0.61958  0.77255  0.53675  0.87862
     34   2.63260  4.40275  3.22987  3.05737  4.05540  3.09588  4.14057  3.57845  3.10681  3.21492  4.26278  3.37236  1.02927  3.49873  3.36092  2.79777  3.06727  3.23468  5.26606  4.17577     34 p x - -
          2.68618  4.42225  2.77519  2.73123  3.46354  2.40513  3.72494  3.29354  2.67741  2.69355  4.24690  2.90347  2.73739  3.18146  2.89801  2.37887  2.77519  2.98518  4.58477  3.61503
          0.03465  3.77562  4.49797  0.61958  0.77255  0.53675  0.87862
     35   2.36594  4.20975  3.34700  3.09811  3.88792  3.05127  4.12217  3.00348  3.03911  2.87022  3.92963  3.32109  3.74850  3.43964  3.30066  2.56646  1.34777  2.70892  5.33455  4.10545     35 t x - -
          2.68618  4.42225  2.77519  2.73123  3.46354  2.40513  3.72494  3.29354  2.67741  2.69355  4.24690  2.90347  2.73739  3.18146  2.89801  2.37887  2.77519  2.98518  4.58477  3.61503
          0.03465  3.77562  4.49797  0.61958  0.77255  0.53675  0.87862
     36   2.95567  4.40539  4.19159  3.80624  3.31204  3.95638  4.55432  1.20707  3.63218  1.92175  3.26634  4.06524  4.39971  3.99238  3.84000  3.44485  3.25782  1.85281  5.18051  3.90824     36 i x - -
          2.68618  4.42225  2.77519  2.73123  3.46354  2.40513  3.72494  3.29354  2.67741  2.69355  4.24690  2.90347  2.73739  3.18146  2.89801  2.37887  2.77519  2.98518  4.58477  3.61503
          0.03465  3.77562  4.49797  0.61958  0.77255  0.53675  0.87862
     37   2.87427  4.95705  2.45637  1.17211  4.29204  3.21527  3.79776  3.72671  2.66638  3.36101  4.34257  2.88705  3.81622  3.01759  3.06261  2.86869  3.17888  3.42184  5.48228  4.20799     38 e x - -
          2.68618  4.42225  2.77519  2.73123  3.46354  2.40513  3.72494  3.29354  2.67741  2.69355  4.24690  2.90347  2.73739  3.18146  2.89801  2.37887  2.77519  2.98518  4.58477  3.61503
          0.03465  3.77562  4.49797  0.61958  0.77255  0.53675  0.87862
     38   2.89008  4.99472  1.06782  2.28521  4.36001  3.14130  3.85336  3.92715  2.92044  3.55433  4.53328  2.83537  3.78767  3.09460  3.42089  2.86565  3.22771  3.57777  5.54730  4.25282     39 d x - -
          2.68618  4.42225  2.77519  2.73123  3.46354  2.40513  3.72494  3.29354  2.67741  2.69355  4.24690  2.90347  2.73739  3.18146  2.89801  2.37887  2.77519  2.98518  4.58477  3.61503
          0.03465  3.77562  4.49797  0.61958  0.77255  0.53675  0.87862
     39   2.27249  4.18995  3.12698  2.94122  3.98092  2.92184  4.05233  3.49175  3.00822  3.22069  4.15717  3.17975  3.65327  3.36595  3.29524  1.24731  2.74590  3.04834  5.36194  4.06460     40 s x - -
          2.68618  4.42225  2.77519  2.73123  3.46354  2.40513  3.72494  3.29354  2.67741  2.69355  4.24690  2.90347  2.73739  3.18146  2.89801  2.37887  2.77519  2.98518  4.58477  3.61503
          0.03465  3.77562  4.49797  0.61958  0.77255  0.53675  0.87862
     40   3.11266  4.64090  3.69730  3.41120  2.30719  3.71883  3.58216  3.13584  3.27148  2.61417  3.82192  3.60799  4.19636  3.60091  3.47397  3.25810  3.39970  3.00223  3.94630  1.14371     41 y x - -
          2.68618  4.42225  2.77519  2.73123  3.46354  2.40513  3.72494  3.29354  2.67741  2.69355  4.24690  2.90347  2.73739  3.18146  2.89801  2.37887  2.77519  2.98518  4.58477  3.61503
          0.03465  3.77562  4.49797  0.61958  0.77255  0.53675  0.87862
     41   2.90099  4.74122  3.38225  2.91776  4.07124  3.40373  3.76302  3.60867  2.21168  3.14254  4.14817  3.28348  3.91365  2.99073  1.13785  2.99153  3.17531  3.33754  5.19539  4.02253     42 r x - -
          2.68618  4.42225  2.77519  2.73123  3.46354  2.40513  3.72494  3.29354  2.67741  2.69355  4.24690  2.90347  2.73739  3.18146  2.89801  2.37887  2.77519  2.98518  4.58477  3.61503
          0.03465  3.77562  4.49797  0.61958  0.77255  0.53675  0.87862
     42   2.88735  4.84122  3.05665  2.70024  4.20536  3.38411  3.71312  3.62923  1.17978  3.21716  4.18675  3.12795  3.89375  2.91231  2.42431  2.93744  3.14944  3.34350  5.30233  4.10214     43 k x - -
          2.68618  4.42225  2.77519  2.73123  3.46354  2.40513  3.72494  3.29354  2.67741  2.69355  4.24690  2.90347  2.73739  3.18146  2.89801  2.37887  2.77519  2.98518  4.58477  3.61503
          0.03465  3.77562  4.49797  0.61958  0.77255  0.53675  0.87862
     43   2.80966  4.78668  2.84520  2.60179  3.94132  3.30500  3.75807  3.56015  2.43028  3.07190  4.10584  3.05938  3.85921  1.41748  2.71501  2.86309  3.10830  3.29691  5.23239  3.92059     44 q x - -
          2.68618  4.42225  2.77519  2.73123  3.46354  2.40513  3.72494  3.29354  2.67741  2.69355  4.24690  2.90347  2.73739  3.18146  2.89801  2.37887  2.77519  2.98518  4.58477  3.61503
          0.03465  3.77562  4.49797  0.61958  0.77255  0.53675  0.87862
     44   2.73213  4.30467  3.98832  3.65149  3.48245  3.62013  4.47089  2.06617  3.51760  2.18874  3.46562  3.85593  4.18820  3.88579  3.73882  3.11998  3.09745  1.15738  5.24939  3.97355     45 v x - -
          2.68618  4.42225  2.77519  2.73123  3.46354  2.40513  3.72494  3.29354  2.67741  2.69355  4.24690  2.90347  2.73739  3.18146  2.89801  2.37887  2.77519  2.98518  4.58477  3.61503
          0.03465  3.77562  4.49797  0.61958  0.77255  0.53675  0.87862
     45   2.73213  4.30467  3.98832  3.65149  3.48245  3.62013  4.47089  2.06617  3.51760  2.18874  3.46562  3.85593  4.18820  3.88579  3.73882  3.11998  3.09745  1.15738  5.24939  3.97355     46 v x - -
          2.68618  4.42225  2.77519  2.73123  3.46354  2.40513  3.72494  3.29354  2.67741  2.69355  4.24690  2.90347  2.73739  3.18146  2.89801  2.37887  2.77519  2.98518  4.58477  3.61503
          0.03465  3.77562  4.49797  0.61958  0.77255  0.53675  0.87862
     46   2.95567  4.40539  4.19159  3.80624  3.31204  3.95638  4.55432  1.20707  3.63218  1.92175  3.26634  4.06524  4.39971  3.99238  3.84000  3.44485  3.25782  1.85281  5.18051  3.90824     47 i x - -
          2.68618  4.42225  2.77519  2.73123  3.46354  2.40513  3.72494  3.29354  2.67741  2.69355  4.24690  2.90347  2.73739  3.18146  2.89801  2.37887  2.77519  2.98518  4.58477  3.61503
          0.03465  3.77562  4.49797  0.61958  0.77255  0.53675  0.87862
     47   2.89008  4.99472  1.06782  2.28521  4.36001  3.14130  3.85336  3.92715  2.92044  3.55433  4.53328  2.83537  3.78767  3.09460  3.42089  2.86565  3.22771  3.57777  5.54730  4.25282     48 d x - -
          2.68618  4.42225  2.77519  2.73123  3.46354  2.40513  3.72494  3.29354  2.67741  2.69355  4.24690  2.90347  2.73739  3.18146  2.89801  2.37887  2.77519  2.98518  4.58477  3.61503
          0.03465  3.77562  4.49797  0.61958  0.77255  0.53675  0.87862
     48   2.55287  4.33445  3.20640  3.09526  4.23285  0.89567  4.21873  3.81136  3.26292  3.47722  4.45456  3.37147  3.72247  3.59533  3.50693  2.72256  3.02671  3.35875  5.35088  4.33249     49 g x - -
          2.68618  4.42225  2.77519  2.73123  3.46354  2.40513  3.72494  3.29354  2.67741  2.69355  4.24690  2.90347  2.73739  3.18146  2.89801  2.37887  2.77519  2.98518  4.58477  3.61503
          0.03465  3.77562  4.49797  0.61958  0.77255  0.53675  0.87862
     49   2.87427  4.95705  2.45637  1.17211  4.29204  3.21527  3.79776  3.72671  2.66638  3.36101  4.34257  2.88705  3.81622  3.01759  3.06261  2.86869  3.17888  3.42184  5.48228  4.20799     50 e x - -
          2.68618  4.42225  2.77519  2.73123  3.46354  2.40513  3.72494  3.29354  2.67741  2.69355  4.24690  2.90347  2.73739  3.18146  2.89801  2.37887  2.77519  2.98518  4.58477  3.61503
          0.03465  3.77562  4.49797  0.61958  0.77255  0.53675  0.87862
     50   2.36594  4.20975  3.34700  3.09811  3.88792  3.05127  4.12217  3.00348  3.03911  2.87022  3.92963  3.32109  3.74850  3.43964  3.30066  2.56646  1.34777  2.70892  5.33455  4.10545     51 t x - -
          2.68618  4.42225  2.77519  2.73123  3.46354  2.40513  3.72494  3.29354  2.67741  2.69355  4.24690  2.90347  2.73739  3.18146  2.89801  2.37887  2.77519  2.98518  4.58477  3.61503
          0.03465  3.77562  4.49797  0.61958  0.77255  0.53675  0.87862
     51   2.48535  1.16052  3.97782  3.69762  3.71401  3.12612  4.36636  2.84419  3.52470  2.76283  3.88223  3.71049  3.82540  3.87518  3.66530  2.75631  2.94440  2.59474  5.14773  4.00159     52 c x - -
          2.68618  4.42225  2.77519  2.73123  3.46354  2.40513  3.72494  3.29354  2.67741  2.69355  4.24690  2.90347  2.73739  3.18146  2.89801  2.37887  2.77519  2.98518  4.58477  3.61503
          0.03465  3.77562  4.49797  0.61958  0.77255  0.53675  0.87862
     52   3.04904  4.54176  4.03210  3.67468  3.10386  3.85590  4.36087  2.30659  3.44324  1.00481  3.16286  3.95912  4.31011  3.83496  3.63391  3.41990  3.34897  2.31813  4.94484  3.64483     53 l x - -
          2.68618  4.42225  2.77519  2.73123  3.46354  2.40513  3.72494  3.29354  2.67741  2.69355  4.24690  2.90347  2.73739  3.18146  2.89801  2.37887  2.77519  2.98518  4.58477  3.61503
          0.03465  3.77562  4.49797  0.61958  0.77255  0.53675  0.87862
     53   3.04904  4.54176  4.03210  3.67468  3.10386  3.85590  4.36087  2.30659  3.44324  1.00481  3.16286  3.95912  4.31011  3.83496  3.63391  3.41990  3.34897  2.31813  4.94484  3.64483     54 l x - -
          2.68618  4.42225  2.77519  2.73123  3.46354  2.40513  3.72494  3.29354  2.67741  2.69355  4.24690  2.90347  2.73739  3.18146  2.89801  2.37887  2.77519  2.98518  4.58477  3.61503
          0.03465  3.77562  4.49797  0.61958  0.77255  0.53675  0.87862
     54   2.89008  4.99472  1.06782  2.28521  4.36001  3.14130  3.85336  3.92715  2.92044  3.55433  4.53328  2.83537  3.78767  3.09460  3.42089  2.86565  3.22771  3.57777  5.54730  4.25282     55 d x - -
          2.68618  4.42225  2.77519  2.73123  3.46354  2.40513  3.72494  3.29354  2.67741  2.69355  4.24690  2.90347  2.73739  3.18146  2.89801  2.37887  2.77519  2.98518  4.58477  3.61503
          0.03465  3.77562  4.49797  0.61958  0.77255  0.53675  0.87862
     55   2.95567  4.40539  4.19159  3.80624  3.31204  3.95638  4.55432  1.20707  3.63218  1.92175  3.26634  4.06524  4.39971  3.99238  3.84000  3.44485  3.25782  1.85281  5.18051  3.90824     56 i x - -
          2.68618  4.42225  2.77519  2.73123  3.46354  2.40513  3.72494  3.29354  2.67741  2.69355  4.24690  2.90347  2.73739  3.18146  2.89801  2.37887  2.77519  2.98518  4.58477  3.61503
          0.03465  3.77562  4.49797  0.61958  0.77255  0.53675  0.87862
     56   3.04904  4.54176  4.03210  3.67468  3.10386  3.85590  4.36087  2.30659  3.44324  1.00481  3.16286  3.95912  4.31011  3.83496  3.63391  3.41990  3.34897  2.31813  4.94484  3.64483     57 l x - -
          2.68618  4.42225  2.77519  2.73123  3.46354  2.40513  3.72494  3.29354  2.67741  2.69355  4.24690  2.90347  2.73739  3.18146  2.89801  2.37887  2.77519  2.98518  4.58477  3.61503
          0.03465  3.77562  4.49797  0.61958  0.77255  0.53675  0.87862
     57   2.89008  4.99472  1.06782  2.28521  4.36001  3.14130  3.85336  3.92715  2.92044  3.55433  4.53328  2.83537  3.78767  3.09460  3.42089  2.86565  3.22771  3.57777  5.54730  4.25282     58 d x - -
          2.68618  4.42225  2.77519  2.73123  3.46354  2.40513  3.72494  3.29354  2.67741  2.69355  4.24690  2.90347  2.73739  3.18146  2.89801  2.37887  2.77519  2.98518  4.58477  3.61503
          0.03465  3.77562  4.49797  0.61958  0.77255  0.45515  1.00609
     58   2.39455  4.23936  3.39744  3.14846  3.93835  3.07965  4.16837  3.06118  3.09072  2.92591  3.97919  3.36317  3.78080  3.48748  3.35079  2.59548  1.23382  2.75997  5.37933  4.15515     59 t x - -
          2.68618  4.42225  2.77519  2.73123  3.46354  2.40513  3.72494  3.29354  2.67741  2.69355  4.24690  2.90347  2.73739  3.18146  2.89801  2.37887  2.77519  2.98518  4.58477  3.61503
          0.03256  3.83682  4.55917  0.61958  0.77255  0.48576  0.95510
     59   1.06641  4.17525  3.42720  3.21749  4.01762  3.00061  4.24364  3.13786  3.23284  3.02105  4.05729  3.37586  3.73652  3.57742  3.48548  2.52610  2.80101  2.79847  5.44836  4.24477     60 a x - -
          2.68618  4.42225  2.77519  2.73123  3.46354  2.40513  3.72494  3.29354  2.67741  2.69355  4.24690  2.90347  2.73739  3.18146  2.89801  2.37887  2.77519  2.98518  4.58477  3.61503
          0.03256  3.83682  4.55917  0.61958  0.77255  0.48576  0.95510
     60   2.62209  4.40041  3.28850  3.18371  4.32546  0.78630  4.30564  3.91689  3.36007  3.57539  4.55128  3.45295  3.79040  3.68714  3.59951  2.79308  3.10058  3.45214  5.42949  4.42634     61 g x - -
          2.68618  4.42225  2.77519  2.73123  3.46354  2.40513  3.72494  3.29354  2.67741  2.69355  4.24690  2.90347  2.73739  3.18146  2.89801  2.37887  2.77519  2.98518  4.58477  3.61503
          0.03256  3.83682  4.55917  0.61958  0.77255  0.48576  0.95510
     61   2.85365  4.83720  2.88061  2.63544  4.00086  3.34314  3.79321  3.62673  2.45886  3.13257  4.16207  3.09462  3.89649  1.29884  2.74347  2.90320  3.15094  3.35882  5.27952  3.97110     62 q x - -
          2.68618  4.42225  2.77519  2.73123  3.46354  2.40513  3.72494  3.29354  2.67741  2.69355  4.24690  2.90347  2.73739  3.18146  2.89801  2.37887  2.77519  2.98518  4.58477  3.61503
          0.03256  3.83682  4.55917  0.61958  0.77255  0.48576  0.95510
     62   2.92273  5.02492  2.47434  1.07719  4.36685  3.25185  3.83632  3.81369  2.71243  3.43683  4.41304  2.91439  3.85493  3.05312  3.11711  2.90913  3.22689  3.50145  5.54519  4.26810     63 e x - -
          2.68618  4.42225  2.77519  2.73123  3.46354  2.40513  3.72494  3.29354  2.67741  2.69355  4.24690  2.90347  2.73739  3.18146  2.89801  2.37887  2.77519  2.98518  4.58477  3.61503
          0.03256  3.83682  4.55917  0.61958  0.77255  0.48576  0.95510
     63   2.92273  5.02492  2.47434  1.07719  4.36685  3.25185  3.83632  3.81369  2.71243  3.43683  4.41304  2.91439  3.85493  3.05312  3.11711  2.90913  3.22689  3.50145  5.54519  4.26810     64 e x - -
          2.68618  4.42225  2.77519  2.73123  3.46354  2.40513  3.72494  3.29354  2.67741  2.69355  4.24690  2.90347  2.73739  3.18146  2.89801  2.37887  2.77519  2.98518  4.58477  3.61503
          0.03256  3.83682  4.55917  0.61958  0.77255  0.48576  0.95510
     64   3.19664  4.70006  3.78606  3.50925  2.29569  3.78896  3.60349  3.21093  3.36780  2.67393  3.88982  3.68029  4.26389  3.68239  3.55861  3.33670  3.48329  3.07987  3.93791  1.02720     65 y x - -
          2.68618  4.42225  2.77519  2.73123  3.46354  2.40513  3.72494  3.29354  2.67741  2.69355  4.24690  2.90347  2.73739  3.18146  2.89801  2.37887  2.77519  2.98518  4.58477  3.61503
          0.03256  3.83682  4.55917  0.61958  0.77255  0.48576  0.95510
     65   2.29842  4.21804  3.17637  2.99106  4.04109  2.94862  4.10162  3.55914  3.06240  3.28234  4.21181  3.22118  3.68461  3.41464  3.34915  1.14610  2.77598  3.10206  5.41656  4.12456     66 s x - -
          2.68618  4.42225  2.77519  2.73123  3.46354  2.40513  3.72494  3.29354  2.67741  2.69355  4.24690  2.90347  2.73739  3.18146  2.89801  2.37887  2.77519  2.98518  4.58477  3.61503
          0.03256  3.83682  4.55917  0.61958  0.77255  0.48576  0.95510
     66   1.06641  4.17525  3.42720  3.21749  4.01762  3.00061  4.24364  3.13786  3.23284  3.02105  4.05729  3.37586  3.73652  3.57742  3.48548  2.52610  2.80101  2.79847  5.44836  4.24477     67 a x - -
          2.68618  4.42225  2.77519  2.73123  3.46354  2.40513  3.72494  3.29354  2.67741  2.69355  4.24690  2.90347  2.73739  3.18146  2.89801  2.37887  2.77519  2.98518  4.58477  3.61503
          0.03256  3.83682  4.55917  0.61958  0.77255  0.48576  0.95510
     67   2.94190  4.49652  4.01144  3.60267  3.19328  3.80752  4.34609  2.36537  3.37252  1.79376  1.44801  3.88442  4.26833  3.75700  3.58193  3.28707  3.24672  2.36723  5.02908  3.78744     68 m x - -
          2.68618  4.42225  2.77519  2.73123  3.46354  2.40513  3.72494  3.29354  2.67741  2.69355  4.24690  2.90347  2.73739  3.18146  2.89801  2.37887  2.77519  2.98518  4.58477  3.61503
          0.03256  3.83682  4.55917  0.61958  0.77255  0.48576  0.95510
     68   2.96625  4.80679  3.45337  2.97263  4.15236  3.46036  3.80014  3.69206  2.22547  3.21453  4.21617  3.33481  3.96516  3.02271  1.03430  3.05246  3.23495  3.41769  5.25017  4.08800     69 r x - -
          2.68618  4.42225  2.77519  2.73123  3.46354  2.40513  3.72494  3.29354  2.67741  2.69355  4.24690  2.90347  2.73739  3.18146  2.89801  2.37887  2.77519  2.98518  4.58477  3.61503
          0.03256  3.83682  4.55917  0.61958  0.77255  0.48576  0.95510
     69   2.95223  5.07347  0.97056  2.31460  4.44594  3.18448  3.90108  4.02620  2.97869  3.64115  4.61902  2.86894  3.83483  3.14057  3.48961  2.91901  3.29024  3.66938  5.62143  4.32544     70 d x - -
          2.68618  4.42225  2.77519  2.73123  3.46354  2.40513  3.72494  3.29354  2.67741  2.69355  4.24690  2.90347  2.73739  3.18146  2.89801  2.37887  2.77519  2.98518  4.58477  3.61503
          0.03256  3.83682  4.55917  0.61958  0.77255  0.48576  0.95510
     70   2.85365  4.83720  2.88061  2.63544  4.00086  3.34314  3.79321  3.62673  2.45886  3.13257  4.16207  3.09462  3.89649  1.29884  2.74347  2.90320  3.15094  3.35882  5.27952  3.97110     71 q x - -
          2.68618  4.42225  2.77519  2.73123  3.46354  2.40513  3.72494  3.29354  2.67741  2.69355  4.24690  2.90347  2.73739  3.18146  2.89801  2.37887  2.77519  2.98518  4.58477  3.61503
          0.03256  3.83682  4.55917  0.61958  0.77255  0.48576  0.95510
     71   3.19664  4.70006  3.78606  3.50925  2.29569  3.78896  3.60349  3.21093  3.36780  2.67393  3.88982  3.68029  4.26389  3.68239  3.55861  3.33670  3.48329  3.07987  3.93791  1.02720     72 y x - -
          2.68618  4.42225  2.77519  2.73123  3.46354  2.40513  3.72494  3.29354  2.67741  2.69355  4.24690  2.90347  2.73739  3.18146  2.89801  2.37887  2.77519  2.98518  4.58477  3.61503
          0.03256  3.83682  4.55917  0.61958  0.77255  0.48576  0.95510
     72   2.94190  4.49652  4.01144  3.60267  3.19328  3.80752  4.34609  2.36537  3.37252  1.79376  1.44801  3.88442  4.26833  3.75700  3.58193  3.28707  3.24672  2.36723  5.02908  3.78744     73 m x - -
          2.68618  4.42225  2.77519  2.73123  3.46354  2.40513  3.72494  3.29354  2.67741  2.69355  4.24690  2.90347  2.73739  3.18146  2.89801  2.37887  2.77519  2.98518  4.58477  3.61503
          0.03256  3.83682  4.55917  0.61958  0.77255  0.48576  0.95510
     73   2.96625  4.80679  3.45337  2.97263  4.15236  3.46036  3.80014  3.69206  2.22547  3.21453  4.21617  3.33481  3.96516  3.02271  1.03430  3.05246  3.23495  3.41769  5.25017  4.08800     74 r x - -
          2.68618  4.42225  2.77519  2.73123  3.46354  2.40513  3.72494  3.29354  2.67741  2.69355  4.24690  2.90347  2.73739  3.18146  2.89801  2.37887  2.77519  2.98518  4.58477  3.61503
          0.03256  3.83682  4.55917  0.61958  0.77255  0.48576  0.95510
     74   2.39455  4.23936  3.39744  3.14846  3.93835  3.07965  4.16837  3.06118  3.09072  2.92591  3.97919  3.36317  3.78080  3.48748  3.35079  2.59548  1.23382  2.75997  5.37933  4.15515     75 t x - -
          2.68618  4.42225  2.77519  2.73123  3.46354  2.40513  3.72494  3.29354  2.67741  2.69355  4.24690  2.90347  2.73739  3.18146  2.89801  2.37887  2.77519  2.98518  4.58477  3.61503
          0.03256  3.83682  4.55917  0.61958  0.77255  0.48576  0.95510
     75   2.62209  4.40041  3.28850  3.18371  4.32546  0.78630  4.30564  3.91689  3.36007  3.57539  4.55128  3.45295  3.79040  3.68714  3.59951  2.79308  3.10058  3.45214  5.42949  4.42634     76 g x - -
          2.68618  4.42225  2.77519  2.73123  3.46354  2.40513  3.72494  3.29354  2.67741  2.69355  4.24690  2.90347  2.73739  3.18146  2.89801  2.37887  2.77519  2.98518  4.58477  3.61503
          0.03256  3.83682  4.55917  0.61958  0.77255  0.48576  0.95510
     76   2.92273  5.02492  2.47434  1.07719  4.36685  3.25185  3.83632  3.81369  2.71243  3.43683  4.41304  2.91439  3.85493  3.05312  3.11711  2.90913  3.22689  3.50145  5.54519  4.26810     77 e x - -
          2.68618  4.42225  2.77519  2.73123  3.46354  2.40513  3.72494  3.29354  2.67741  2.69355  4.24690  2.90347  2.73739  3.18146  2.89801  2.37887  2.77519  2.98518  4.58477  3.61503
          0.03256  3.83682  4.55917  0.61958  0.77255  0.48576  0.95510
     77   2.62209  4.40041  3.28850  3.18371  4.32546  0.78630  4.30564  3.91689  3.36007  3.57539  4.55128  3.45295  3.79040  3.68714  3.59951  2.79308  3.10058  3.45214  5.42949  4.42634     78 g x - -
          2.68618  4.42225  2.77519  2.73123  3.46354  2.40513  3.72494  3.29354  2.67741  2.69355  4.24690  2.90347  2.73739  3.18146  2.89801  2.37887  2.77519  2.98518  4.58477  3.61503
          0.03256  3.83682  4.55917  0.61958  0.77255  0.48576  0.95510
     78   3.21381  4.62626  4.18968  3.89787  1.07193  3.91098  3.86281  2.74242  3.80591  2.12098  3.47821  3.97935  4.37076  3.98386  3.93443  3.48527  3.51513  2.73041  4.12335  2.49519     79 f x - -
          2.68618  4.42225  2.77519  2.73123  3.46354  2.40513  3.72494  3.29354  2.67741  2.69355  4.24690  2.90347  2.73739  3.18146  2.89801  2.37887  2.77519  2.98518  4.58477  3.61503
          0.03256  3.83682  4.55917  0.61958  0.77255  0.48576  0.95510
     79   3.11581  4.58898  4.13200  3.77226  3.12310  3.93638  4.43920  2.32589  3.54034  0.92039  3.15824  4.05113  4.37826  3.91722  3.72201  3.50392  3.41191  2.35386  4.98887  3.70377     80 l x - -
          2.68618  4.42225  2.77519  2.73123  3.46354  2.40513  3.72494  3.29354  2.67741  2.69355  4.24690  2.90347  2.73739  3.18146  2.89801  2.37887  2.77519  2.98518  4.58477  3.61503
          0.03256  3.83682  4.55917  0.61958  0.77255  0.48576  0.95510
     80   2.54748  1.01574  4.05735  3.78929  3.78938  3.17747  4.44428  2.92786  3.61619  2.84470  3.96505  3.78581  3.88159  3.96381  3.74670  2.81896  3.01132  2.67473  5.21244  4.07716     81 c x - -
          2.68618  4.42225  2.77519  2.73123  3.46354  2.40513  3.72494  3.29354  2.67741  2.69355  4.24690  2.90347  2.73739  3.18146  2.89801  2.37887  2.77519  2.98518  4.58477  3.61503
          0.03256  3.83682  4.55917  0.61958  0.77255  0.48576  0.95510
     81   2.78010  4.33317  4.07550  3.73808  3.52466  3.68642  4.54616  2.05401  3.60530  2.21828  3.49579  3.93347  4.24932  3.96792  3.82113  3.18815  3.14277  1.07114  5.30288  4.03203     82 v x - -
          2.68618  4.42225  2.77519  2.73123  3.46354  2.40513  3.72494  3.29354  2.67741  2.69355  4.24690  2.90347  2.73739  3.18146  2.89801  2.37887  2.77519  2.98518  4.58477  3.61503
          0.03256  3.83682  4.55917  0.61958  0.77255  0.48576  0.95510
     82   3.21381  4.62626  4.18968  3.89787  1.07193  3.91098  3.86281  2.74242  3.80591  2.12098  3.47821  3.97935  4.37076  3.98386  3.93443  3.48527  3.51513  2.73041  4.12335  2.49519     83 f x - -
          2.68618  4.42225  2.77519  2.73123  3.46354  2.40513  3.72494  3.29354  2.67741  2.69355  4.24690  2.90347  2.73739  3.18146  2.89801  2.37887  2.77519  2.98518  4.58477  3.61503
          0.03256  3.83682  4.55917  0.61958  0.77255  0.48576  0.95510
     83   1.06641  4.17525  3.42720  3.21749  4.01762  3.00061  4.24364  3.13786  3.23284  3.02105  4.05729  3.37586  3.73652  3.57742  3.48548  2.52610  2.80101  2.79847  5.44836  4.24477     84 a x - -
          2.68618  4.42225  2.77519  2.73123  3.46354  2.40513  3.72494  3.29354  2.67741  2.69355  4.24690  2.90347  2.73739  3.18146  2.89801  2.37887  2.77519  2.98518  4.58477  3.61503
          0.03256  3.83682  4.55917  0.61958  0.77255  0.48576  0.95510
     84   3.00341  4.43279  4.28393  3.89883  3.35077  4.02713  4.63395  1.12320  3.72623  1.94475  3.29234  4.14920  4.46227  4.07854  3.92692  3.51945  3.30343  1.84653  5.23382  3.96866     85 i x - -
          2.68618  4.42225  2.77519  2.73123  3.46354  2.40513  3.72494  3.29354  2.67741  2.69355  4.24690  2.90347  2.73739  3.18146  2.89801  2.37887  2.77519  2.98518  4.58477  3.61503
          0.03256  3.83682  4.55917  0.61958  0.77255  0.48576  0.95510
     85   2.69481  4.68927  2.69030  2.57246  4.04729  3.16078  3.89379  3.75053  2.79480  3.40163  4.35752  1.22278  3.81116  3.16695  3.14785  2.76366  3.07578  3.37635  5.35739  3.99855     86 n x - -
          2.68618  4.42225  2.77519  2.73123  3.46354  2.40513  3.72494  3.29354  2.67741  2.69355  4.24690  2.90347  2.73739  3.18146  2.89801  2.37887  2.77519  2.98518  4.58477  3.61503
          0.03256  3.83682  4.55917  0.61958  0.77255  0.48576  0.95510
     86   2.69481  4.68927  2.69030  2.57246  4.04729  3.16078  3.89379  3.75053  2.79480  3.40163  4.35752  1.22278  3.81116  3.16695  3.14785  2.76366  3.07578  3.37635  5.35739  3.99855     87 n x - -
          2.68618  4.42225  2.77519  2.73123  3.46354  2.40513  3.72494  3.29354  2.67741  2.69355  4.24690  2.90347  2.73739  3.18146  2.89801  2.37887  2.77519  2.98518  4.58477  3.61503
          0.03256  3.83682  4.55917  0.61958  0.77255  0.48576  0.95510
     87   2.22558  4.14766  3.27731  2.98282  4.04496  2.95293  4.05161  3.33875  2.97783  3.12290  4.01188  3.20324  3.66342  3.32765  3.28255  1.98530  1.60199  2.91793  5.42719  4.18319     88 t x - -
          2.68618  4.42225  2.77519  2.73123  3.46354  2.40513  3.72494  3.29354  2.67741  2.69355  4.24690  2.90347  2.73739  3.18146  2.89801  2.37887  2.77519  2.98518  4.58477  3.61503
          0.03256  3.83682  4.55917  0.61958  0.77255  0.48576  0.95510
     88   2.94036  4.90159  3.11392  2.74278  4.27986  3.43307  3.74090  3.70703  1.08817  3.28019  4.24408  3.16863  3.93637  2.93480  2.42690  2.98500  3.19656  3.41702  5.34960  4.15744     89 k x - -
          2.68618  4.42225  2.77519  2.73123  3.46354  2.40513  3.72494  3.29354  2.67741  2.69355  4.24690  2.90347  2.73739  3.18146  2.89801  2.37887  2.77519  2.98518  4.58477  3.61503
          0.03256  3.83682  4.55917  0.61958  0.77255  0.48576  0.95510
     89   2.29842  4.21804  3.17637  2.99106  4.04109  2.94862  4.10162  3.55914  3.06240  3.28234  4.21181  3.22118  3.68461  3.41464  3.34915  1.14610  2.77598  3.10206  5.41656  4.12456     90 s x - -
          2.68618  4.42225  2.77519  2.73123  3.46354  2.40513  3.72494  3.29354  2.67741  2.69355  4.24690  2.90347  2.73739  3.18146  2.89801  2.37887  2.77519  2.98518  4.58477  3.61503
          0.03256  3.83682  4.55917  0.61958  0.77255  0.48576  0.95510
     90   3.21381  4.62626  4.18968  3.89787  1.07193  3.91098  3.86281  2.74242  3.80591  2.12098  3.47821  3.97935  4.37076  3.98386  3.93443  3.48527  3.51513  2.73041  4.12335  2.49519     91 f x - -
          2.68618  4.42225  2.77519  2.73123  3.46354  2.40513  3.72494  3.29354  2.67741  2.69355  4.24690  2.90347  2.73739  3.18146  2.89801  2.37887  2.77519  2.98518  4.58477  3.61503
          0.03256  3.83682  4.55917  0.61958  0.77255  0.48576  0.95510
     91   2.92273  5.02492  2.47434  1.07719  4.36685  3.25185  3.83632  3.81369  2.71243  3.43683  4.41304  2.91439  3.85493  3.05312  3.11711  2.90913  3.22689  3.50145  5.54519  4.26810     92 e x - -
          2.68618  4.42225  2.77519  2.73123  3.46354  2.40513  3.72494  3.29354  2.67741  2.69355  4.24690  2.90347  2.73739  3.18146  2.89801  2.37887  2.77519  2.98518  4.58477  3.61503
          0.03256  3.83682  4.55917  0.61958  0.77255  0.48576  0.95510
     92   2.95223  5.07347  0.97056  2.31460  4.44594  3.18448  3.90108  4.02620  2.97869  3.64115  4.61902  2.86894  3.83483  3.14057  3.48961  2.91901  3.29024  3.66938  5.62143  4.32544     93 d x - -
          2.68618  4.42225  2.77519  2.73123  3.46354  2.40513  3.72494  3.29354  2.67741  2.69355  4.24690  2.90347  2.73739  3.18146  2.89801  2.37887  2.77519  2.98518  4.58477  3.61503
          0.03256  3.83682  4.55917  0.61958  0.77255  0.48576  0.95510
     93   2.98334  4.36892  4.49957  4.01180  3.40768  4.20822  4.75831  1.29177  3.87613  1.92492  3.24609  4.26188  4.56379  4.16760  4.09542  3.59315  3.25931  1.48185  5.34827  4.13246     94 i x - -
          2.68618  4.42225  2.77519  2.73123  3.46354  2.40513  3.72494  3.29354  2.67741  2.69355  4.24690  2.90347  2.73739  3.18146  2.89801  2.37887  2.77519  2.98518  4.58477  3.61503
          0.03256  3.83682  4.55917  0.61958  0.77255  0.48576  0.95510
     94   2.95756  4.78041  3.09252  2.84941  3.26099  3.41845  1.21998  3.65490  2.69349  3.15313  4.19373  3.25996  3.96930  3.21533  2.96107  3.02872  3.25993  3.39076  4.72643  3.21297     95 h x - -
          2.68618  4.42225  2.77519  2.73123  3.46354  2.40513  3.72494  3.29354  2.67741  2.69355  4.24690  2.90347  2.73739  3.18146  2.89801  2.37887  2.77519  2.98518  4.58477  3.61503
          0.03256  3.83682  4.55917  0.61958  0.77255  0.48576  0.95510
     95   2.75874  4.70429  3.12036  2.69563  3.63826  3.48695  3.72970  3.10916  2.41387  2.22807  3.70680  3.14273  3.93515  1.89764  2.71252  2.85517  3.00944  2.93647  5.09362  3.74707     96 q x - -
          2.68618  4.42225  2.77519  2.73123  3.46354  2.40513  3.72494  3.29354  2.67741  2.69355  4.24690  2.90347  2.73739  3.18146  2.89801  2.37887  2.77519  2.98518  4.58477  3.61503
          0.03256  3.83682  4.55917  0.61958  0.77255  0.48576  0.95510
     96   3.19664  4.70006  3.78606  3.50925  2.29569  3.78896  3.60349  3.21093  3.36780  2.67393  3.88982  3.68029  4.26389  3.68239  3.55861  3.33670  3.48329  3.07987  3.93791  1.02720     97 y x - -
          2.68618  4.42225  2.77519  2.73123  3.46354  2.40513  3.72494  3.29354  2.67741  2.69355  4.24690  2.90347  2.73739  3.18146  2.89801  2.37887  2.77519  2.98518  4.58477  3.61503
          0.03256  3.83682  4.55917  0.61958  0.77255  0.48576  0.95510
     97   2.96625  4.80679  3.45337  2.97263  4.15236  3.46036  3.80014  3.69206  2.22547  3.21453  4.21617  3.33481  3.96516  3.02271  1.03430  3.05246  3.23495  3.41769  5.25017  4.08800     98 r x - -
          2.68618  4.42225  2.77519  2.73123  3.46354  2.40513  3.72494  3.29354  2.67741  2.69355  4.24690  2.90347  2.73739  3.18146  2.89801  2.37887  2.77519  2.98518  4.58477  3.61503
          0.03256  3.83682  4.55917  0.61958  0.77255  0.48576  0.95510
     98   2.92273  5.02492  2.47434  1.07719  4.36685  3.25185  3.83632  3.81369  2.71243  3.43683  4.41304  2.91439  3.85493  3.05312  3.11711  2.90913  3.22689  3.50145  5.54519  4.26810     99 e x - -
          2.68618  4.42225  2.77519  2.73123  3.46354  2.40513  3.72494  3.29354  2.67741  2.69355  4.24690  2.90347  2.73739  3.18146  2.89801  2.37887  2.77519  2.98518  4.58477  3.61503
          0.03256  3.83682  4.55917  0.61958  0.77255  0.48576  0.95510
     99   2.85365  4.83720  2.88061  2.63544  4.00086  3.34314  3.79321  3.62673  2.45886  3.13257  4.16207  3.09462  3.89649  1.29884  2.74347  2.90320  3.15094  3.35882  5.27952  3.97110    100 q x - -
          2.68618  4.42225  2.77519  2.73123  3.46354  2.40513  3.72494  3.29354  2.67741  2.69355  4.24690  2.90347  2.73739  3.18146  2.89801  2.37887  2.77519  2.98518  4.58477  3.61503
          0.03256  3.83682  4.55917  0.61958  0.77255  0.48576  0.95510
    100   3.00341  4.43279  4.28393  3.89883  3.35077  4.02713  4.63395  1.12320  3.72623  1.94475  3.29234  4.14920  4.46227  4.07854  3.92692  3.51945  3.30343  1.84653  5.23382  3.96866    101 i x - -
          2.68618  4.42225  2.77519  2.73123  3.46354  2.40513  3.72494  3.29354  2.67741  2.69355  4.24690  2.90347  2.73739  3.18146  2.89801  2.37887  2.77519  2.98518  4.58477  3.61503
          0.03256  3.83682  4.55917  0.61958  0.77255  0.48576  0.95510
    101   2.78794  4.96597  2.78255  2.45340  4.33410  3.36030  3.62595  3.77952  1.53094  3.32463  4.18642  2.41598  3.85105  2.78707  2.47041  2.78969  3.03682  3.43359  5.43137  4.13393    102 k x - -
          2.68618  4.42225  2.77519  2.73123  3.46354  2.40513  3.72494  3.29354  2.67741  2.69355  4.24690  2.90347  2.73739  3.18146  2.89801  2.37887  2.77519  2.98518  4.58477  3.61503
          0.03256  3.83682  4.55917  0.61958  0.77255  0.48576  0.95510
    102   2.96625  4.80679  3.45337  2.97263  4.15236  3.46036  3.80014  3.69206  2.22547  3.21453  4.21617  3.33481  3.96516  3.02271  1.03430  3.05246  3.23495  3.41769  5.25017  4.08800    103 r x - -
          2.68618  4.42225  2.77519  2.73123  3.46354  2.40513  3.72494  3.29354  2.67741  2.69355  4.24690  2.90347  2.73739  3.18146  2.89801  2.37887  2.77519  2.98518  4.58477  3.61503
          0.03256  3.83682  4.55917  0.61958  0.77255  0.48576  0.95510
    103   2.78010  4.33317  4.07550  3.73808  3.52466  3.68642  4.54616  2.05401  3.60530  2.21828  3.49579  3.93347  4.24932  3.96792  3.82113  3.18815  3.14277  1.07114  5.30288  4.03203    104 v x - -
          2.68618  4.42225  2.77519  2.73123  3.46354  2.40513  3.72494  3.29354  2.67741  2.69355  4.24690  2.90347  2.73739  3.18146  2.89801  2.37887  2.77519  2.98518  4.58477  3.61503
          0.03256  3.83682  4.55917  0.61958  0.77255  0.48576  0.95510
    104   2.94036  4.90159  3.11392  2.74278  4.27986  3.43307  3.74090  3.70703  1.08817  3.28019  4.24408  3.16863  3.93637  2.93480  2.42690  2.98500  3.19656  3.41702  5.34960  4.15744    105 k x - -
          2.68618  4.42225  2.77519  2.73123  3.46354  2.40513  3.72494  3.29354  2.67741  2.69355  4.24690  2.90347  2.73739  3.18146  2.89801  2.37887  2.77519  2.98518  4.58477  3.61503
          0.03256  3.83682  4.55917  0.61958  0.77255  0.48576  0.95510
    105   2.95223  5.07347  0.97056  2.31460  4.44594  3.18448  3.90108  4.02620  2.97869  3.64115  4.61902  2.86894  3.83483  3.14057  3.48961  2.91901  3.29024  3.66938  5.62143  4.32544    106 d x - -
          2.68618  4.42225  2.77519  2.73123  3.46354  2.40513  3.72494  3.29354  2.67741  2.69355  4.24690  2.90347  2.73739  3.18146  2.89801  2.37887  2.77519  2.98518  4.58477  3.61503
          0.03256  3.83682  4.55917  0.61958  0.77255  0.48576  0.95510
    106   2.29842  4.21804  3.17637  2.99106  4.04109  2.94862  4.10162  3.55914  3.06240  3.28234  4.21181  3.22118  3.68461  3.41464  3.34915  1.14610  2.77598  3.10206  5.41656  4.12456    107 s . - -
          2.68618  4.42225  2.77519  2.73123  3.46354  2.40513  3.72494  3.29354  2.67741  2.69355  4.24690  2.90347  2.73739  3.18146  2.89801  2.37887  2.77519  2.98518  4.58477  3.61503
          0.03256  3.83682  4.55917  0.61958  0.77255  0.48576  0.95510
    107   2.95223  5.07347  0.97056  2.31460  4.44594  3.18448  3.90108  4.02620  2.97869  3.64115  4.61902  2.86894  3.83483  3.14057  3.48961  2.91901  3.29024  3.66938  5.62143  4.32544    108 d x - -
          2.68618  4.42225  2.77519  2.73123  3.46354  2.40513  3.72494  3.29354  2.67741  2.69355  4.24690  2.90347  2.73739  3.18146  2.89801  2.37887  2.77519  2.98518  4.58477  3.61503
          0.03256  3.83682  4.55917  0.61958  0.77255  0.48576  0.95510
    108   2.68418  4.96129  1.51818  2.19246  4.42230  3.12285  3.74667  3.91865  2.73374  3.52088  4.38213  2.73515  3.75023  2.93369  3.25993  2.19858  3.01881  3.50584  5.68593  4.25494    109 d x - -
          2.68618  4.42225  2.77519  2.73123  3.46354  2.40513  3.72494  3.29354  2.67741  2.69355  4.24690  2.90347  2.73739  3.18146  2.89801  2.37887  2.77519  2.98518  4.58477  3.61503
          0.03256  3.83682  4.55917  0.61958  0.77255  0.48576  0.95510
    109   2.78010  4.33317  4.07550  3.73808  3.52466  3.68642  4.54616  2.05401  3.60530  2.21828  3.49579  3.93347  4.24932  3.96792  3.82113  3.18815  3.14277  1.07114  5.30288  4.03203    110 v x - -
          2.68618  4.42225  2.77519  2.73123  3.46354  2.40513  3.72494  3.29354  2.67741  2.69355  4.24690  2.90347  2.73739  3.18146  2.89801  2.37887  2.77519  2.98518  4.58477  3.61503
          0.03256  3.83682  4.55917  0.61958  0.77255  0.48576  0.95510
    110   2.70596  4.46862  3.30939  3.14372  4.14097  3.15818  4.22369  3.67772  3.19807  3.30824  4.35696  3.45374  0.89665  3.58796  3.44718  2.87246  3.14485  3.32711  5.33681  4.26134    111 p x - -
          2.68618  4.42225  2.77519  2.73123  3.46354  2.40513  3.72494  3.29354  2.67741  2.69355  4.24690  2.90347  2.73739  3.18146  2.89801  2.37887  2.77519  2.98518  4.58477  3.61503
          0.03256  3.83682  4.55917  0.61958  0.77255  0.48576  0.95510
    111   2.94190  4.49652  4.01144  3.60267  3.19328  3.80752  4.34609  2.36537  3.37252  1.79376  1.44801  3.88442  4.26833  3.75700  3.58193  3.28707  3.24672  2.36723  5.02908  3.78744    112 m x - -
          2.68618  4.42225  2.77519  2.73123  3.46354  2.40513  3.72494  3.29354  2.67741  2.69355  4.24690  2.90347  2.73739  3.18146  2.89801  2.37887  2.77519  2.98518  4.58477  3.61503
          0.03256  3.83682  4.55917  0.61958  0.77255  0.48576  0.95510
    112   2.78010  4.33317  4.07550  3.73808  3.52466  3.68642  4.54616  2.05401  3.60530  2.21828  3.49579  3.93347  4.24932  3.96792  3.82113  3.18815  3.14277  1.07114  5.30288  4.03203    113 v x - -
          2.68618  4.42225  2.77519  2.73123  3.46354  2.40513  3.72494  3.29354  2.67741  2.69355  4.24690  2.90347  2.73739  3.18146  2.89801  2.37887  2.77519  2.98518  4.58477  3.61503
          0.03256  3.83682  4.55917  0.61958  0.77255  0.48576  0.95510
    113   3.11581  4.58898  4.13200  3.77226  3.12310  3.93638  4.43920  2.32589  3.54034  0.92039  3.15824  4.05113  4.37826  3.91722  3.72201  3.50392  3.41191  2.35386  4.98887  3.70377    114 l x - -
          2.68618  4.42225  2.77519  2.73123  3.46354  2.40513  3.72494  3.29354  2.67741  2.69355  4.24690  2.90347  2.73739  3.18146  2.89801  2.37887  2.77519  2.98518  4.58477  3.61503
          0.03256  3.83682  4.55917  0.61958  0.77255  0.48576  0.95510
    114   2.78010  4.33317  4.07550  3.73808  3.52466  3.68642  4.54616  2.05401  3.60530  2.21828  3.49579  3.93347  4.24932  3.96792  3.82113  3.18815  3.14277  1.07114  5.30288  4.03203    115 v x - -
          2.68618  4.42225  2.77519  2.73123  3.46354  2.40513  3.72494  3.29354  2.67741  2.69355  4.24690  2.90347  2.73739  3.18146  2.89801  2.37887  2.77519  2.98518  4.58477  3.61503
          0.03256  3.83682  4.55917  0.61958  0.77255  0.48576  0.95510
    115   2.62209  4.40041  3.28850  3.18371  4.32546  0.78630  4.30564  3.91689  3.36007  3.57539  4.55128  3.45295  3.79040  3.68714  3.59951  2.79308  3.10058  3.45214  5.42949  4.42634    116 g x - -
          2.68618  4.42225  2.77519  2.73123  3.46354  2.40513  3.72494  3.29354  2.67741  2.69355  4.24690  2.90347  2.73739  3.18146  2.89801  2.37887  2.77519  2.98518  4.58477  3.61503
          0.03256  3.83682  4.55917  0.61958  0.77255  0.48576  0.95510
    116   2.69481  4.68927  2.69030  2.57246  4.04729  3.16078  3.89379  3.75053  2.79480  3.40163  4.35752  1.22278  3.81116  3.16695  3.14785  2.76366  3.07578  3.37635  5.35739  3.99855    117 n x - -
          2.68618  4.42225  2.77519  2.73123  3.46354  2.40513  3.72494  3.29354  2.67741  2.69355  4.24690  2.90347  2.73739  3.18146  2.89801  2.37887  2.77519  2.98518  4.58477  3.61503
          0.03256  3.83682  4.55917  0.61958  0.77255  0.48576  0.95510
    117   2.94036  4.90159  3.11392  2.74278  4.27986  3.43307  3.74090  3.70703  1.08817  3.28019  4.24408  3.16863  3.93637  2.93480  2.42690  2.98500  3.19656  3.41702  5.34960  4.15744    118 k x - -
          2.68618  4.42225  2.77519  2.73123  3.46354  2.40513  3.72494  3.29354  2.67741  2.69355  4.24690  2.90347  2.73739  3.18146  2.89801  2.37887  2.77519  2.98518  4.58477  3.61503
          0.03256  3.83682  4.55917  0.61958  0.77255  0.48576  0.95510
    118   2.16732  1.81794  3.78847  3.42864  3.79412  2.94426  4.21002  3.06161  3.29601  2.91393  3.83905  3.42479  3.67698  3.60671  3.50958  1.95536  2.64061  2.69138  5.25582  4.03170    119 c x - -
          2.68618  4.42225  2.77519  2.73123  3.46354  2.40513  3.72494  3.29354  2.67741  2.69355  4.24690  2.90347  2.73739  3.18146  2.89801  2.37887  2.77519  2.98518  4.58477  3.61503
          0.03256  3.83682  4.55917  0.61958  0.77255  0.48576  0.95510
    119   2.95223  5.07347  0.97056  2.31460  4.44594  3.18448  3.90108  4.02620  2.97869  3.64115  4.61902  2.86894  3.83483  3.14057  3.48961  2.91901  3.29024  3.66938  5.62143  4.32544    120 d x - -
          2.68618  4.42225  2.77519  2.73123  3.46354  2.40513  3.72494  3.29354  2.67741  2.69355  4.24690  2.90347  2.73739  3.18146  2.89801  2.37887  2.77519  2.98518  4.58477  3.61503
          0.03256  3.83682  4.55917  0.61958  0.77255  0.48576  0.95510
    120   3.11581  4.58898  4.13200  3.77226  3.12310  3.93638  4.43920  2.32589  3.54034  0.92039  3.15824  4.05113  4.37826  3.91722  3.72201  3.50392  3.41191  2.35386  4.98887  3.70377    121 l x - -
          2.68618  4.42225  2.77519  2.73123  3.46354  2.40513  3.72494  3.29354  2.67741  2.69355  4.24690  2.90347  2.73739  3.18146  2.89801  2.37887  2.77519  2.98518  4.58477  3.61503
          0.03256  3.83682  4.55917  0.61958  0.77255  0.48576  0.95510
    121   2.38642  4.32139  3.05554  2.84359  4.22525  2.17322  4.03993  3.69448  2.97696  3.35190  4.22795  3.16464  1.57797  3.30636  3.31017  2.53136  2.83026  3.22518  5.47500  4.28756    122 p x - -
          2.68618  4.42225  2.77519  2.73123  3.46354  2.40513  3.72494  3.29354  2.67741  2.69355  4.24690  2.90347  2.73739  3.18146  2.89801  2.37887  2.77519  2.98518  4.58477  3.61503
          0.03256  3.83682  4.55917  0.61958  0.77255  0.48576  0.95510
    122   1.51648  4.09670  3.29991  3.03356  4.12714  2.88597  4.11122  3.44917  3.08210  3.21906  4.08802  3.21020  3.62580  3.39242  3.38580  1.70592  2.64600  2.97428  5.50142  4.26977    123 a x - -
          2.68618  4.42225  2.77519  2.73123  3.46354  2.40513  3.72494  3.29354  2.67741  2.69355  4.24690  2.90347  2.73739  3.18146  2.89801  2.37887  2.77519  2.98518  4.58477  3.61503
          0.03256  3.83682  4.55917  0.61958  0.77255  0.48576  0.95510
    123   2.96625  4.80679  3.45337  2.97263  4.15236  3.46036  3.80014  3.69206  2.22547  3.21453  4.21617  3.33481  3.96516  3.02271  1.03430  3.05246  3.23495  3.41769  5.25017  4.08800    125 r x - -
          2.68618  4.42225  2.77519  2.73123  3.46354  2.40513  3.72494  3.29354  2.67741  2.69355  4.24690  2.90347  2.73739  3.18146  2.89801  2.37887  2.77519  2.98518  4.58477  3.61503
          0.03256  3.83682  4.55917  0.61958  0.77255  0.48576  0.95510
    124   2.22558  4.14766  3.27731  2.98282  4.04496  2.95293  4.05161  3.33875  2.97783  3.12290  4.01188  3.20324  3.66342  3.32765  3.28255  1.98530  1.60199  2.91793  5.42719  4.18319    126 t x - -
          2.68618  4.42225  2.77519  2.73123  3.46354  2.40513  3.72494  3.29354  2.67741  2.69355  4.24690  2.90347  2.73739  3.18146  2.89801  2.37887  2.77519  2.98518  4.58477  3.61503
          0.03256  3.83682  4.55917  0.61958  0.77255  0.48576  0.95510
    125   2.23317  4.21580  3.90412  3.52159  3.64514  3.47898  4.40088  2.13976  3.42638  2.37571  3.54522  3.71084  4.07754  3.76298  3.67994  2.90863  2.94431  1.31349  5.34394  4.10886    127 v x - -
          2.68618  4.42225  2.77519  2.73123  3.46354  2.40513  3.72494  3.29354  2.67741  2.69355  4.24690  2.90347  2.73739  3.18146  2.89801  2.37887  2.77519  2.98518  4.58477  3.61503
          0.03256  3.83682  4.55917  0.61958  0.77255  0.48576  0.95510
    126   2.87494  5.36457  1.40942  1.76577  4.65249  3.15642  3.71127  4.14800  2.72766  3.68983  4.56114  2.63923  3.78009  2.88653  3.30485  2.77247  3.16762  3.74718  5.84905  4.37276    128 d x - -
          2.68618  4.42225  2.77519  2.73123  3.46354  2.40513  3.72494  3.29354  2.67741  2.69355  4.24690  2.90347  2.73739  3.18146  2.89801  2.37887  2.77519  2.98518  4.58477  3.61503
          0.03256  3.83682  4.55917  0.61958  0.77255  0.48576  0.95510
    127   2.22558  4.14766  3.27731  2.98282  4.04496  2.95293  4.05161  3.33875  2.97783  3.12290  4.01188  3.20324  3.66342  3.32765  3.28255  1.98530  1.60199  2.91793  5.42719  4.18319    129 t x - -
          2.68618  4.42225  2.77519  2.73123  3.46354  2.40513  3.72494  3.29354  2.67741  2.69355  4.24690  2.90347  2.73739  3.18146  2.89801  2.37887  2.77519  2.98518  4.58477  3.61503
          0.03256  3.83682  4.55917  0.61958  0.77255  0.48576  0.95510
    128   2.96625  4.80679  3.45337  2.97263  4.15236  3.46036  3.80014  3.69206  2.22547  3.21453  4.21617  3.33481  3.96516  3.02271  1.03430  3.05246  3.23495  3.41769  5.25017  4.08800    130 r x - -
          2.68618  4.42225  2.77519  2.73123  3.46354  2.40513  3.72494  3.29354  2.67741  2.69355  4.24690  2.90347  2.73739  3.18146  2.89801  2.37887  2.77519  2.98518  4.58477  3.61503
          0.03256  3.83682  4.55917  0.61958  0.77255  0.48576  0.95510
    129   2.85365  4.83720  2.88061  2.63544  4.00086  3.34314  3.79321  3.62673  2.45886  3.13257  4.16207  3.09462  3.89649  1.29884  2.74347  2.90320  3.15094  3.35882  5.27952  3.97110    131 q x - -
          2.68618  4.42225  2.77519  2.73123  3.46354  2.40513  3.72494  3.29354  2.67741  2.69355  4.24690  2.90347  2.73739  3.18146  2.89801  2.37887  2.77519  2.98518  4.58477  3.61503
          0.03256  3.83682  4.55917  0.61958  0.77255  0.48576  0.95510
    130   1.06641  4.17525  3.42720  3.21749  4.01762  3.00061  4.24364  3.13786  3.23284  3.02105  4.05729  3.37586  3.73652  3.57742  3.48548  2.52610  2.80101  2.79847  5.44836  4.24477    132 a x - -
          2.68618  4.42225  2.77519  2.73123  3.46354  2.40513  3.72494  3.29354  2.67741  2.69355  4.24690  2.90347  2.73739  3.18146  2.89801  2.37887  2.77519  2.98518  4.58477  3.61503
          0.03256  3.83682  4.55917  0.61958  0.77255  0.48576  0.95510
    131   2.78241  4.93035  2.81634  2.46193  3.88859  3.39908  2.56773  3.66002  2.24750  3.18443  4.07103  2.95117  3.86237  1.95988  2.56560  2.78974  3.01811  3.34754  5.17662  3.76559    133 q x - -
          2.68618  4.42225  2.77519  2.73123  3.46354  2.40513  3.72494  3.29354  2.67741  2.69355  4.24690  2.90347  2.73739  3.18146  2.89801  2.37887  2.77519  2.98518  4.58477  3.61503
          0.03256  3.83682  4.55917  0.61958  0.77255  0.48576  0.95510
    132   2.92273  5.02492  2.47434  1.07719  4.36685  3.25185  3.83632  3.81369  2.71243  3.43683  4.41304  2.91439  3.85493  3.05312  3.11711  2.90913  3.22689  3.50145  5.54519  4.26810    134 e x - -
          2.68618  4.42225  2.77519  2.73123  3.46354  2.40513  3.72494  3.29354  2.67741  2.69355  4.24690  2.90347  2.73739  3.18146  2.89801  2.37887  2.77519  2.98518  4.58477  3.61503
          0.03256  3.83682  4.55917  0.61958  0.77255  0.48576  0.95510
    133   3.11581  4.58898  4.13200  3.77226  3.12310  3.93638  4.43920  2.32589  3.54034  0.92039  3.15824  4.05113  4.37826  3.91722  3.72201  3.50392  3.41191  2.35386  4.98887  3.70377    135 l x - -
          2.68618  4.42225  2.77519  2.73123  3.46354  2.40513  3.72494  3.29354  2.67741  2.69355  4.24690  2.90347  2.73739  3.18146  2.89801  2.37887  2.77519  2.98518  4.58477  3.61503
          0.03256  3.83682  4.55917  0.61958  0.77255  0.48576  0.95510
    134   1.06641  4.17525  3.42720  3.21749  4.01762  3.00061  4.24364  3.13786  3.23284  3.02105  4.05729  3.37586  3.73652  3.57742  3.48548  2.52610  2.80101  2.79847  5.44836  4.24477    136 a x - -
          2.68618  4.42225  2.77519  2.73123  3.46354  2.40513  3.72494  3.29354  2.67741  2.69355  4.24690  2.90347  2.73739  3.18146  2.89801  2.37887  2.77519  2.98518  4.58477  3.61503
          0.03256  3.83682  4.55917  0.61958  0.77255  0.48576  0.95510
    135   2.96625  4.80679  3.45337  2.97263  4.15236  3.46036  3.80014  3.69206  2.22547  3.21453  4.21617  3.33481  3.96516  3.02271  1.03430  3.05246  3.23495  3.41769  5.25017  4.08800    137 r x - -
          2.68618  4.42225  2.77519  2.73123  3.46354  2.40513  3.72494  3.29354  2.67741  2.69355  4.24690  2.90347  2.73739  3.18146  2.89801  2.37887  2.77519  2.98518  4.58477  3.61503
          0.03256  3.83682  4.55917  0.61958  0.77255  0.48576  0.95510
    136   2.20887  4.17197  3.09600  2.88713  4.22471  2.22383  4.06571  3.68994  3.02830  3.36834  4.20764  3.13354  3.62482  3.32992  3.35808  1.41890  2.68620  3.15248  5.55054  4.30150    138 s x - -
          2.68618  4.42225  2.77519  2.73123  3.46354  2.40513  3.72494  3.29354  2.67741  2.69355  4.24690  2.90347  2.73739  3.18146  2.89801  2.37887  2.77519  2.98518  4.58477  3.61503
          0.03256  3.83682  4.55917  0.61958  0.77255  0.48576  0.95510
    137   3.02696  4.55294  3.89999  3.45850  2.37394  3.89188  3.64814  2.78835  3.26099  1.92714  3.49224  3.66380  4.26985  3.57148  3.48206  3.24566  3.27144  2.69585  4.04137  1.54448    139 y x - -
          2.68618  4.42225  2.77519  2.73123  3.46354  2.40513  3.72494  3.29354  2.67741  2.69355  4.24690  2.90347  2.73739  3.18146  2.89801  2.37887  2.77519  2.98518  4.58477  3.61503
          0.03256  3.83682  4.55917  0.61958  0.77255  0.48576  0.95510
    138   2.62209  4.40041  3.28850  3.18371  4.32546  0.78630  4.30564  3.91689  3.36007  3.57539  4.55128  3.45295  3.79040  3.68714  3.59951  2.79308  3.10058  3.45214  5.42949  4.42634    140 g x - -
          2.68618  4.42225  2.77519  2.73123  3.46354  2.40513  3.72494  3.29354  2.67741  2.69355  4.24690  2.90347  2.73739  3.18146  2.89801  2.37887  2.77519  2.98518  4.58477  3.61503
          0.03256  3.83682  4.55917  0.61958  0.77255  0.48576  0.95510
    139   2.98334  4.36892  4.49957  4.01180  3.40768  4.20822  4.75831  1.29177  3.87613  1.92492  3.24609  4.26188  4.56379  4.16760  4.09542  3.59315  3.25931  1.48185  5.34827  4.13246    141 i x - -
          2.68618  4.42225  2.77519  2.73123  3.46354  2.40513  3.72494  3.29354  2.67741  2.69355  4.24690  2.90347  2.73739  3.18146  2.89801  2.37887  2.77519  2.98518  4.58477  3.61503
          0.03256  3.83682  4.55917  0.61958  0.77255  0.48576  0.95510
    140   2.70596  4.46862  3.30939  3.14372  4.14097  3.15818  4.22369  3.67772  3.19807  3.30824  4.35696  3.45374  0.89665  3.58796  3.44718  2.87246  3.14485  3.32711  5.33681  4.26134    142 p x - -
          2.68618  4.42225  2.77519  2.73123  3.46354  2.40513  3.72494  3.29354  2.67741  2.69355  4.24690  2.90347  2.73739  3.18146  2.89801  2.37887  2.77519  2.98518  4.58477  3.61503
          0.03256  3.83682  4.55917  0.61958  0.77255  0.48576  0.95510
    141   3.31605  4.68358  4.23868  3.85820  1.65887  4.11672  3.43779  3.07470  3.72928  2.46961  3.70337  3.83212  4.45624  3.83298  3.86662  3.47259  3.54904  2.98575  3.64221  1.24362    143 y x - -
          2.68618  4.42225  2.77519  2.73123  3.46354  2.40513  3.72494  3.29354  2.67741  2.69355  4.24690  2.90347  2.73739  3.18146  2.89801  2.37887  2.77519  2.98518  4.58477  3.61503
          0.03256  3.83682  4.55917  0.61958  0.77255  0.48576  0.95510
    142   2.98334  4.36892  4.49957  4.01180  3.40768  4.20822  4.75831  1.29177  3.87613  1.92492  3.24609  4.26188  4.56379  4.16760  4.09542  3.59315  3.25931  1.48185  5.34827  4.13246    144 i x - -
          2.68618  4.42225  2.77519  2.73123  3.46354  2.40513  3.72494  3.29354  2.67741  2.69355  4.24690  2.90347  2.73739  3.18146  2.89801  2.37887  2.77519  2.98518  4.58477  3.61503
          0.03256  3.83682  4.55917  0.61958  0.77255  0.48576  0.95510
    143   2.92273  5.02492  2.47434  1.07719  4.36685  3.25185  3.83632  3.81369  2.71243  3.43683  4.41304  2.91439  3.85493  3.05312  3.11711  2.90913  3.22689  3.50145  5.54519  4.26810    145 e x - -
          2.68618  4.42225  2.77519  2.73123  3.46354  2.40513  3.72494  3.29354  2.67741  2.69355  4.24690  2.90347  2.73739  3.18146  2.89801  2.37887  2.77519  2.98518  4.58477  3.61503
          0.03256  3.83682  4.55917  0.61958  0.77255  0.48576  0.95510
    144   2.39455  4.23936  3.39744  3.14846  3.93835  3.07965  4.16837  3.06118  3.09072  2.92591  3.97919  3.36317  3.78080  3.48748  3.35079  2.59548  1.23382  2.75997  5.37933  4.15515    146 t x - -
          2.68618  4.42225  2.77519  2.73123  3.46354  2.40513  3.72494  3.29354  2.67741  2.69355  4.24690  2.90347  2.73739  3.18146  2.89801  2.37887  2.77519  2.98518  4.58477  3.61503
          0.03256  3.83682  4.55917  0.61958  0.77255  0.48576  0.95510
    145   2.29842  4.21804  3.17637  2.99106  4.04109  2.94862  4.10162  3.55914  3.06240  3.28234  4.21181  3.22118  3.68461  3.41464  3.34915  1.14610  2.77598  3.10206  5.41656  4.12456    147 s x - -
          2.68618  4.42225  2.77519  2.73123  3.46354  2.40513  3.72494  3.29354  2.67741  2.69355  4.24690  2.90347  2.73739  3.18146  2.89801  2.37887  2.77519  2.98518  4.58477  3.61503
          0.03256  3.83682  4.55917  0.61958  0.77255  0.48576  0.95510
    146   1.06641  4.17525  3.42720  3.21749  4.01762  3.00061  4.24364  3.13786  3.23284  3.02105  4.05729  3.37586  3.73652  3.57742  3.48548  2.52610  2.80101  2.79847  5.44836  4.24477    148 a x - -
          2.68618  4.42225  2.77519  2.73123  3.46354  2.40513  3.72494  3.29354  2.67741  2.69355  4.24690  2.90347  2.73739  3.18146  2.89801  2.37887  2.77519  2.98518  4.58477  3.61503
          0.03256  3.83682  4.55917  0.61958  0.77255  0.48576  0.95510
    147   2.94036  4.90159  3.11392  2.74278  4.27986  3.43307  3.74090  3.70703  1.08817  3.28019  4.24408  3.16863  3.93637  2.93480  2.42690  2.98500  3.19656  3.41702  5.34960  4.15744    149 k x - -
          2.68618  4.42225  2.77519  2.73123  3.46354  2.40513  3.72494  3.29354  2.67741  2.69355  4.24690  2.90347  2.73739  3.18146  2.89801  2.37887  2.77519  2.98518  4.58477  3.61503
          0.03256  3.83682  4.55917  0.61958  0.77255  0.48576  0.95510
    148   2.39455  4.23936  3.39744  3.14846  3.93835  3.07965  4.16837  3.06118  3.09072  2.92591  3.97919  3.36317  3.78080  3.48748  3.35079  2.59548  1.23382  2.75997  5.37933  4.15515    150 t x - -
          2.68618  4.42225  2.77519  2.73123  3.46354  2.40513  3.72494  3.29354  2.67741  2.69355  4.24690  2.90347  2.73739  3.18146  2.89801  2.37887  2.77519  2.98518  4.58477  3.61503
          0.03256  3.83682  4.55917  0.61958  0.77255  0.48576  0.95510
    149   2.96625  4.80679  3.45337  2.97263  4.15236  3.46036  3.80014  3.69206  2.22547  3.21453  4.21617  3.33481  3.96516  3.02271  1.03430  3.05246  3.23495  3.41769  5.25017  4.08800    151 r x - -
          2.68618  4.42225  2.77519  2.73123  3.46354  2.40513  3.72494  3.29354  2.67741  2.69355  4.24690  2.90347  2.73739  3.18146  2.89801  2.37887  2.77519  2.98518  4.58477  3.61503
          0.03256  3.83682  4.55917  0.61958  0.77255  0.48576  0.95510
    150   2.85365  4.83720  2.88061  2.63544  4.00086  3.34314  3.79321  3.62673  2.45886  3.13257  4.16207  3.09462  3.89649  1.29884  2.74347  2.90320  3.15094  3.35882  5.27952  3.97110    152 q x - -
          2.68618  4.42225  2.77519  2.73123  3.46354  2.40513  3.72494  3.29354  2.67741  2.69355  4.24690  2.90347  2.73739  3.18146  2.89801  2.37887  2.77519  2.98518  4.58477  3.61503
          0.03256  3.83682  4.55917  0.61958  0.77255  0.48576  0.95510
    151   2.62209  4.40041  3.28850  3.18371  4.32546  0.78630  4.30564  3.91689  3.36007  3.57539  4.55128  3.45295  3.79040  3.68714  3.59951  2.79308  3.10058  3.45214  5.42949  4.42634    153 g x - -
          2.68618  4.42225  2.77519  2.73123  3.46354  2.40513  3.72494  3.29354  2.67741  2.69355  4.24690  2.90347  2.73739  3.18146  2.89801  2.37887  2.77519  2.98518  4.58477  3.61503
          0.03256  3.83682  4.55917  0.61958  0.77255  0.48576  0.95510
    152   2.78010  4.33317  4.07550  3.73808  3.52466  3.68642  4.54616  2.05401  3.60530  2.21828  3.49579  3.93347  4.24932  3.96792  3.82113  3.18815  3.14277  1.07114  5.30288  4.03203    154 v x - -
          2.68618  4.42225  2.77519  2.73123  3.46354  2.40513  3.72494  3.29354  2.67741  2.69355  4.24690  2.90347  2.73739  3.18146  2.89801  2.37887  2.77519  2.98518  4.58477  3.61503
          0.03256  3.83682  4.55917  0.61958  0.77255  0.48576  0.95510
    153   2.92273  5.02492  2.47434  1.07719  4.36685  3.25185  3.83632  3.81369  2.71243  3.43683  4.41304  2.91439  3.85493  3.05312  3.11711  2.90913  3.22689  3.50145  5.54519  4.26810    155 e x - -
          2.68618  4.42225  2.77519  2.73123  3.46354  2.40513  3.72494  3.29354  2.67741  2.69355  4.24690  2.90347  2.73739  3.18146  2.89801  2.37887  2.77519  2.98518  4.58477  3.61503
          0.03256  3.83682  4.55917  0.61958  0.77255  0.48576  0.95510
    154   2.87494  5.36457  1.40942  1.76577  4.65249  3.15642  3.71127  4.14800  2.72766  3.68983  4.56114  2.63923  3.78009  2.88653  3.30485  2.77247  3.16762  3.74718  5.84905  4.37276    156 d x - -
          2.68618  4.42225  2.77519  2.73123  3.46354  2.40513  3.72494  3.29354  2.67741  2.69355  4.24690  2.90347  2.73739  3.18146  2.89801  2.37887  2.77519  2.98518  4.58477  3.61503
          0.03256  3.83682  4.55917  0.61958  0.77255  0.48576  0.95510
    155   1.06641  4.17525  3.42720  3.21749  4.01762  3.00061  4.24364  3.13786  3.23284  3.02105  4.05729  3.37586  3.73652  3.57742  3.48548  2.52610  2.80101  2.79847  5.44836  4.24477    157 a x - -
          2.68618  4.42225  2.77519  2.73123  3.46354  2.40513  3.72494  3.29354  2.67741  2.69355  4.24690  2.90347  2.73739  3.18146  2.89801  2.37887  2.77519  2.98518  4.58477  3.61503
          0.03256  3.83682  4.55917  0.61958  0.77255  0.48576  0.95510
    156   3.21381  4.62626  4.18968  3.89787  1.07193  3.91098  3.86281  2.74242  3.80591  2.12098  3.47821  3.97935  4.37076  3.98386  3.93443  3.48527  3.51513  2.73041  4.12335  2.49519    158 f x - -
          2.68618  4.42225  2.77519  2.73123  3.46354  2.40513  3.72494  3.29354  2.67741  2.69355  4.24690  2.90347  2.73739  3.18146  2.89801  2.37887  2.77519  2.98518  4.58477  3.61503
          0.03256  3.83682  4.55917  0.61958  0.77255  0.48576  0.95510
    157   3.19664  4.70006  3.78606  3.50925  2.29569  3.78896  3.60349  3.21093  3.36780  2.67393  3.88982  3.68029  4.26389  3.68239  3.55861  3.33670  3.48329  3.07987  3.93791  1.02720    159 y x - -
          2.68618  4.42225  2.77519  2.73123  3.46354  2.40513  3.72494  3.29354  2.67741  2.69355  4.24690  2.90347  2.73739  3.18146  2.89801  2.37887  2.77519  2.98518  4.58477  3.61503
          0.03256  3.83682  4.55917  0.61958  0.77255  0.48576  0.95510
    158   2.22558  4.14766  3.27731  2.98282  4.04496  2.95293  4.05161  3.33875  2.97783  3.12290  4.01188  3.20324  3.66342  3.32765  3.28255  1.98530  1.60199  2.91793  5.42719  4.18319    160 t x - -
          2.68618  4.42225  2.77519  2.73123  3.46354  2.40513  3.72494  3.29354  2.67741  2.69355  4.24690  2.90347  2.73739  3.18146  2.89801  2.37887  2.77519  2.98518  4.58477  3.61503
          0.03256  3.83682  4.55917  0.61958  0.77255  0.48576  0.95510
    159   3.11581  4.58898  4.13200  3.77226  3.12310  3.93638  4.43920  2.32589  3.54034  0.92039  3.15824  4.05113  4.37826  3.91722  3.72201  3.50392  3.41191  2.35386  4.98887  3.70377    161 l x - -
          2.68618  4.42225  2.77519  2.73123  3.46354  2.40513  3.72494  3.29354  2.67741  2.69355  4.24690  2.90347  2.73739  3.18146  2.89801  2.37887  2.77519  2.98518  4.58477  3.61503
          0.03256  3.83682  4.55917  0.61958  0.77255  0.48576  0.95510
    160   2.78010  4.33317  4.07550  3.73808  3.52466  3.68642  4.54616  2.05401  3.60530  2.21828  3.49579  3.93347  4.24932  3.96792  3.82113  3.18815  3.14277  1.07114  5.30288  4.03203    162 v x - -
          2.68618  4.42225  2.77519  2.73123  3.46354  2.40513  3.72494  3.29354  2.67741  2.69355  4.24690  2.90347  2.73739  3.18146  2.89801  2.37887  2.77519  2.98518  4.58477  3.61503
          0.03256  3.83682  4.55917  0.61958  0.77255  0.48576  0.95510
    161   2.96625  4.80679  3.45337  2.97263  4.15236  3.46036  3.80014  3.69206  2.22547  3.21453  4.21617  3.33481  3.96516  3.02271  1.03430  3.05246  3.23495  3.41769  5.25017  4.08800    163 r x - -
          2.68618  4.42225  2.77519  2.73123  3.46354  2.40513  3.72494  3.29354  2.67741  2.69355  4.24690  2.90347  2.73739  3.18146  2.89801  2.37887  2.77519  2.98518  4.58477  3.61503
          0.03256  3.83682  4.55917  0.61958  0.77255  0.48576  0.95510
    162   2.92273  5.02492  2.47434  1.07719  4.36685  3.25185  3.83632  3.81369  2.71243  3.43683  4.41304  2.91439  3.85493  3.05312  3.11711  2.90913  3.22689  3.50145  5.54519  4.26810    164 e x - -
          2.68618  4.42225  2.77519  2.73123  3.46354  2.40513  3.72494  3.29354  2.67741  2.69355  4.24690  2.90347  2.73739  3.18146  2.89801  2.37887  2.77519  2.98518  4.58477  3.61503
          0.03256  3.83682  4.55917  0.61958  0.77255  0.48576  0.95510
    163   3.00341  4.43279  4.28393  3.89883  3.35077  4.02713  4.63395  1.12320  3.72623  1.94475  3.29234  4.14920  4.46227  4.07854  3.92692  3.51945  3.30343  1.84653  5.23382  3.96866    165 i x - -
          2.68618  4.42225  2.77519  2.73123  3.46354  2.40513  3.72494  3.29354  2.67741  2.69355  4.24690  2.90347  2.73739  3.18146  2.89801  2.37887  2.77519  2.98518  4.58477  3.61503
          0.03256  3.83682  4.55917  0.61958  0.77255  0.48576  0.95510
    164   2.96625  4.80679  3.45337  2.97263  4.15236  3.46036  3.80014  3.69206  2.22547  3.21453  4.21617  3.33481  3.96516  3.02271  1.03430  3.05246  3.23495  3.41769  5.25017  4.08800    166 r x - -
          2.68618  4.42225  2.77519  2.73123  3.46354  2.40513  3.72494  3.29354  2.67741  2.69355  4.24690  2.90347  2.73739  3.18146  2.89801  2.37887  2.77519  2.98518  4.58477  3.61503
          0.03256  3.83682  4.55917  0.61958  0.77255  0.48576  0.95510
    165   2.82158  4.93602  3.04314  2.57879  4.22960  3.45477  3.60188  3.69178  2.06615  3.19902  4.08951  3.03219  3.89140  1.81168  2.01703  2.83994  3.04343  3.38248  5.32873  4.06229    168 q . - -
          2.68618  4.42225  2.77519  2.73123  3.46354  2.40513  3.72494  3.29354  2.67741  2.69355  4.24690  2.90347  2.73739  3.18146  2.89801  2.37887  2.77519  2.98518  4.58477  3.61503
          0.03256  3.83682  4.55917  0.61958  0.77255  0.48576  0.95510
    166   2.94034  4.72752  3.33137  2.92721  2.52203  3.66284  1.92542  3.34230  2.76096  2.83934  3.87166  3.28692  4.07889  3.17798  3.06010  3.01255  3.17825  3.12660  4.12575  2.07403    169 h . - -
          2.68618  4.42225  2.77519  2.73123  3.46354  2.40513  3.72494  3.29354  2.67741  2.69355  4.24690  2.90347  2.73739  3.18146  2.89801  2.37887  2.77519  2.98518  4.58477  3.61503
          0.03256  3.83682  4.55917  0.61958  0.77255  0.48576  0.95510
    167   2.94036  4.90159  3.11392  2.74278  4.27986  3.43307  3.74090  3.70703  1.08817  3.28019  4.24408  3.16863  3.93637  2.93480  2.42690  2.98500  3.19656  3.41702  5.34960  4.15744    170 k . - -
          2.68618  4.42225  2.77519  2.73123  3.46354  2.40513  3.72494  3.29354  2.67741  2.69355  4.24690  2.90347  2.73739  3.18146  2.89801  2.37887  2.77519  2.98518  4.58477  3.61503
          0.03256  3.83682  4.55917  0.61958  0.77255  0.48576  0.95510
    168   2.75816  4.55632  3.16103  2.34087  3.53791  3.54179  3.87055  2.73252  2.70637  1.64970  3.52365  3.24733  3.99317  3.14475  3.02469  2.93075  3.01382  2.58912  5.08523  3.79662    171 l . - -
          2.68618  4.42225  2.77519  2.73123  3.46354  2.40513  3.72494  3.29354  2.67741  2.69355  4.24690  2.90347  2.73739  3.18146  2.89801  2.37887  2.77519  2.98518  4.58477  3.61503
          0.03256  3.83682  4.55917  0.61958  0.77255  0.48576  0.95510
    169   2.64597  4.63199  3.24599  2.73959  4.08600  3.35556  3.70155  3.42147  2.21870  3.05178  3.96505  3.13012  3.85422  2.88837  1.66294  2.74134  2.40460  3.11490  5.29007  4.05106    172 r . - -
          2.68618  4.42225  2.77519  2.73123  3.46354  2.40513  3.72494  3.29354  2.67741  2.69355  4.24690  2.90347  2.73739  3.18146  2.89801  2.37887  2.77519  2.98518  4.58477  3.61503
          0.03256  3.83682  4.55917  0.61958  0.77255  0.48576  0.95510
    170   2.78794  4.96597  2.78255  2.45340  4.33410  3.36030  3.62595  3.77952  1.53094  3.32463  4.18642  2.41598  3.85105  2.78707  2.47041  2.78969  3.03682  3.43359  5.43137  4.13393    173 k . - -
          2.68618  4.42225  2.77519  2.73123  3.46354  2.40513  3.72494  3.29354  2.67741  2.69355  4.24690  2.90347  2.73739  3.18146  2.89801  2.37887  2.77519  2.98518  4.58477  3.61503
          0.03256  3.83682  4.55917  0.61958  0.77255  0.48576  0.95510
    171   2.78601  4.51571  3.57125  3.03943  3.40991  3.62544  3.86537  2.74837  2.57614  1.57462  3.43945  3.40676  4.04207  3.16416  2.33846  2.99104  3.03484  2.63568  4.96840  3.68352    174 l . - -
          2.68618  4.42225  2.77519  2.73123  3.46354  2.40513  3.72494  3.29354  2.67741  2.69355  4.24690  2.90347  2.73739  3.18146  2.89801  2.37887  2.77519  2.98518  4.58477  3.61503
          0.03256  3.83682  4.55917  0.61958  0.77255  0.48576  0.95510
    172   2.48048  4.55942  2.65538  2.47811  4.18037  3.07431  3.81920  3.72102  2.69841  3.35576  4.21389  1.74517  3.72176  3.03590  3.09352  2.11879  2.86700  3.28532  5.48739  4.12226    175 n . - -
          2.68618  4.42225  2.77519  2.73123  3.46354  2.40513  3.72494  3.29354  2.67741  2.69355  4.24690  2.90347  2.73739  3.18146  2.89801  2.37887  2.77519  2.98518  4.58477  3.61503
          0.03256  3.83682  4.55917  0.61958  0.77255  0.48576  0.95510
    173   2.49945  4.53728  2.75805  2.54670  4.13507  3.10697  3.83439  3.64372  2.69529  3.28242  4.15599  2.33377  1.86835  3.05777  3.07144  2.58839  2.87752  3.23692  5.43009  4.10817    176 p . - -
          2.68618  4.42225  2.77519  2.73123  3.46354  2.40513  3.72494  3.29354  2.67741  2.69355  4.24690  2.90347  2.73739  3.18146  2.89801  2.37887  2.77519  2.98518  4.58477  3.61503
          0.03256  3.83682  4.55917  0.61958  0.77255  0.48576  0.95510
    174   2.64480  4.68724  2.87641  2.55778  4.14481  3.26954  3.73667  3.55585  2.02929  3.17319  4.06288  3.01214  1.95144  2.93155  2.73990  2.71208  2.95055  3.21929  5.36442  4.09375    177 p . - -
          2.68618  4.42225  2.77519  2.73123  3.46354  2.40513  3.72494  3.29354  2.67741  2.69355  4.24690  2.90347  2.73739  3.18146  2.89801  2.37887  2.77519  2.98518  4.58477  3.61503
          0.03256  3.83682  4.55917  0.61958  0.77255  0.48576  0.95510
    175   2.79685  5.17931  1.54424  2.15375  4.48459  3.20710  3.68004  3.96113  2.15783  3.51894  4.37459  2.71709  3.78299  2.84737  3.06435  2.73516  3.07550  3.58078  5.67403  4.25558    178 d . - -
          2.68618  4.42225  2.77519  2.73123  3.46354  2.40513  3.72494  3.29354  2.67741  2.69355  4.24690  2.90347  2.73739  3.18146  2.89801  2.37887  2.77519  2.98518  4.58477  3.61503
          0.03256  3.83682  4.55917  0.61958  0.77255  0.48576  0.95510
    176   2.68982  4.91778  2.42408  1.55499  4.32716  3.19350  3.71004  3.75989  2.56745  3.37293  4.23850  2.79541  3.77538  2.89058  3.00946  2.24389  2.99572  3.39077  5.56789  4.18859    179 e . - -
          2.68618  4.42225  2.77519  2.73123  3.46354  2.40513  3.72494  3.29354  2.67741  2.69355  4.24690  2.90347  2.73739  3.18146  2.89801  2.37887  2.77519  2.98518  4.58477  3.61503
          0.03256  3.83682  4.55917  0.61958  0.77255  0.48576  0.95510
    177   2.54094  4.59109  2.86991  2.55714  4.12974  3.19959  3.74544  3.55133  2.09384  3.18707  4.05269  2.99248  3.77136  2.94209  2.78960  1.71991  2.87531  3.18257  5.38245  4.08417    180 s . - -
          2.68618  4.42225  2.77519  2.73123  3.46354  2.40513  3.72494  3.29354  2.67741  2.69355  4.24690  2.90347  2.73739  3.18146  2.89801  2.37887  2.77519  2.98518  4.58477  3.61503
          0.03256  3.83682  4.55917  0.61958  0.77255  0.48576  0.95510
    178   2.60125  4.63930  2.80051  2.55113  4.22692  1.74478  3.78968  3.65836  2.06173  3.28132  4.15470  2.99813  3.78281  2.99339  2.85771  2.67498  2.94304  3.27918  5.43531  4.17114    181 g . - -
          2.68618  4.42225  2.77519  2.73123  3.46354  2.40513  3.72494  3.29354  2.67741  2.69355  4.24690  2.90347  2.73739  3.18146  2.89801  2.37887  2.77519  2.98518  4.58477  3.61503
          0.03256  3.83682  4.55917  0.61958  0.77255  0.48576  0.95510
    179   2.61576  4.71879  2.75782  2.47319  4.11839  3.23767  3.70539  3.62003  2.42087  3.20907  4.08831  2.94169  3.79059  1.83977  2.76564  2.24327  2.92678  3.26413  5.37716  4.03808    182 q . - -
          2.68618  4.42225  2.77519  2.73123  3.46354  2.40513  3.72494  3.29354  2.67741  2.69355  4.24690  2.90347  2.73739  3.18146  2.89801  2.37887  2.77519  2.98518  4.58477  3.61503
          0.03256  3.83682  4.55917  0.61958  0.77255  0.48576  0.95510
    180   2.65721  4.87645  1.58686  2.25660  4.33306  3.15672  3.75110  3.69007  2.70059  3.37319  4.25676  2.78851  3.76133  2.93619  3.20033  2.66308  2.40162  3.32555  5.61334  4.21964    183 d . - -
          2.68618  4.42225  2.77519  2.73123  3.46354  2.40513  3.72494  3.29354  2.67741  2.69355  4.24690  2.90347  2.73739  3.18146  2.89801  2.37887  2.77519  2.98518  4.58477  3.61503
          0.03256  3.83682  4.55917  0.61958  0.77255  0.48576  0.95510
    181   2.46869  2.03568  3.46200  3.02171  3.59625  3.26802  3.92020  2.93746  2.80475  2.66805  3.64419  3.31525  3.83680  2.52532  3.07713  2.67542  2.81806  2.68166  5.04654  3.78369    184 c . - -
          2.68618  4.42225  2.77519  2.73123  3.46354  2.40513  3.72494  3.29354  2.67741  2.69355  4.24690  2.90347  2.73739  3.18146  2.89801  2.37887  2.77519  2.98518  4.58477  3.61503
          0.03256  3.83682  4.55917  0.61958  0.77255  0.48576  0.95510
    182   2.70371  4.45383  3.52408  2.97494  3.45774  3.57379  3.83892  2.76724  2.58008  2.30823  2.08712  3.35086  3.98996  3.12383  2.40089  2.90647  2.95438  2.63013  4.98457  3.73563    185 m . - -
          2.68618  4.42225  2.77519  2.73123  3.46354  2.40513  3.72494  3.29354  2.67741  2.69355  4.24690  2.90347  2.73739  3.18146  2.89801  2.37887  2.77519  2.98518  4.58477  3.61503
          0.03256  3.83682  4.55917  0.61958  0.77255  0.48576  0.95510
    183   2.48195  4.48592  3.07244  2.68275  4.04900  3.18447  3.77031  3.50590  2.45996  3.13469  4.00381  3.07018  3.76266  2.97872  2.28783  1.69156  2.83204  3.13096  5.32013  4.03443    186 s . - -
          2.68618  4.42225  2.77519  2.73123  3.46354  2.40513  3.72494  3.29354  2.67741  2.69355  4.24690  2.90347  2.73739  3.18146  2.89801  2.37887  2.77519  2.98518  4.58477  3.61503
          0.03256  3.83682  4.55917  0.61958  0.77255  0.48576  0.95510
    184   2.54748  1.01574  4.05735  3.78929  3.78938  3.17747  4.44428  2.92786  3.61619  2.84470  3.96505  3.78581  3.88159  3.96381  3.74670  2.81896  3.01132  2.67473  5.21244  4.07716    187 c . - -
          2.68618  4.42225  2.77519  2.73123  3.46354  2.40513  3.72494  3.29354  2.67741  2.69355  4.24690  2.90347  2.73739  3.18146  2.89801  2.37887  2.77519  2.98518  4.58477  3.61503
          0.03256  3.83682  4.55917  0.61958  0.77255  0.48576  0.95510
    185   2.64597  4.63199  3.24599  2.73959  4.08600  3.35556  3.70155  3.42147  2.21870  3.05178  3.96505  3.13012  3.85422  2.88837  1.66294  2.74134  2.40460  3.11490  5.29007  4.05106    188 r . - -
          2.68618  4.42225  2.77519  2.73123  3.46354  2.40513  3.72494  3.29354  2.67741  2.69355  4.24690  2.90347  2.73739  3.18146  2.89801  2.37887  2.77519  2.98518  4.58477  3.61503
          0.03256  3.83682  4.55917  0.61958  0.77255  0.48576  0.95510
    186   2.59980  1.98985  4.05887  3.58521  3.33137  3.51876  4.24385  2.31695  3.38143  1.87506  3.37592  3.74139  4.06575  3.71592  3.58871  2.94055  2.94768  2.16302  4.99284  3.71904    189 l . - -
          2.68618  4.42225  2.77519  2.73123  3.46354  2.40513  3.72494  3.29354  2.67741  2.69355  4.24690  2.90347  2.73739  3.18146  2.89801  2.37887  2.77519  2.98518  4.58477  3.61503
          0.03256  3.83682  4.55917  0.61958  0.77255  0.48576  0.95510
    187   2.92348  4.38182  4.28447  3.80627  3.33005  4.03602  4.55464  1.92160  3.63850  1.68501  3.23193  4.07061  4.43399  3.96505  3.86822  3.42246  3.20922  1.31002  5.21152  3.95856    190 v . - -
          2.68618  4.42225  2.77519  2.73123  3.46354  2.40513  3.72494  3.29354  2.67741  2.69355  4.24690  2.90347  2.73739  3.18146  2.89801  2.37887  2.77519  2.98518  4.58477  3.61503
          0.13238  3.83682  2.27854  0.61958  0.77255  0.48576  0.95510
    188   2.70433  4.28898  3.93681  3.60134  3.45877  3.58045  4.42743  2.07671  3.46670  2.17338  3.45014  3.81066  4.15220  3.83856  3.69077  3.08001  3.07163  1.21174  5.21876  3.93953    191 v . - -
          2.68618  4.42225  2.77519  2.73123  3.46354  2.40513  3.72494  3.29354  2.67741  2.69355  4.24690  2.90347  2.73739  3.18146  2.89801  2.37887  2.77519  2.98518  4.58477  3.61503
          0.03591  3.74035  4.46270  0.61958  0.77255  0.56368  0.84190
    189   2.25903  4.17470  3.09955  2.91436  3.94593  2.90738  4.02535  3.45293  2.97866  3.18562  4.12699  3.15737  3.63633  3.33993  3.26528  1.31007  2.73016  3.01770  5.33046  4.02988    192 s . - -
          2.68618  4.42225  2.77519  2.73123  3.46354  2.40513  3.72494  3.29354  2.67741  2.69355  4.24690  2.90347  2.73739  3.18146  2.89801  2.37887  2.77519  2.98518  4.58477  3.61503
          0.02432  3.72875        *  0.61958  0.77255  0.00000        *
//
